10 435 2160
0 0 -0.129194 0.195813
1 0 -0.0961159 0.159441
0 1 -0.123963 0.252586
1 1 -0.092064 0.208014
0 1 -0.123774 0.252864
0 2 -0.108551 -0.10813
1 2 -0.0777435 -0.199036
0 3 -0.105591 0.216346
1 3 -0.0648229 0.188965
0 4 -0.105583 0.294056
1 4 -0.0720479 0.257371
0 5 -0.105583 0.294056
1 5 -0.0720479 0.257371
0 3 -0.0986266 0.231988
0 6 -0.091278 0.0546186
1 6 -0.0588652 -0.00763199
0 7 -0.091278 0.0546186
1 7 -0.0588652 -0.00763199
0 8 -0.0869684 -0.184196
1 8 0.0674414 0.0020259
0 9 -0.0869684 -0.184196
1 9 0.14831 0.175571
0 10 -0.0822209 0.246318
1 10 -0.0469324 0.205465
0 11 -0.078672 0.0580705
1 11 -0.0447677 -0.00404843
0 11 -0.0775017 0.061196
0 12 -0.0749516 0.00148889
1 12 -0.0434508 -0.0671438
0 13 -0.0709663 0.0639675
1 13 -0.0364616 0.00209882
0 14 -0.0636766 0.0579559
1 14 -0.0285712 -0.00449076
0 14 -0.0636766 0.0579559
0 15 -0.0636766 0.0579559
1 15 -0.0285712 -0.00449076
0 16 -0.0636482 0.233557
1 16 -0.026122 0.192063
0 17 -0.0622113 0.247008
1 17 -0.0257412 0.206595
0 18 -0.0562214 0.062739
1 18 -0.0199777 0.00170365
0 19 -0.0521176 0.0530245
1 19 -0.0156155 -0.0100356
0 20 -0.0433085 -0.293128
1 20 0.300781 0.0527215
0 21 -0.0394936 0.219832
1 21 0.000341046 0.177156
0 22 -0.0221086 0.232044
1 22 0.019293 0.191712
0 23 -0.0170457 0.0714515
1 23 0.021809 0.00809281
0 24 -0.00734923 -0.198151
1 24 0.0372116 -0.300986
0 25 -0.00386322 -0.2108
1 25 0.0391979 -0.316589
0 26 -0.00102303 -0.0991679
1 26 0.0437774 -0.187877
0 27 -0.000426766 -0.170445
1 27 0.0443656 -0.270352
0 28 -0.000426766 -0.170445
1 28 0.0443656 -0.270352
0 29 0.00100997 0.0396729
1 29 0.0452232 -0.0242595
0 30 0.00559977 -0.131962
1 30 0.0497617 -0.226086
0 31 0.00686645 -0.202448
1 31 0.0528869 -0.310199
0 32 0.0200079 0.00596751
1 32 0.0662806 -0.0640917
0 33 0.0200079 0.00596751
1 33 0.0662806 -0.0640917
0 34 0.0238289 0.0369691
1 34 0.0739138 -0.0297673
0 35 0.0240912 0.0282513
1 35 0.0703761 -0.0391874
0 36 0.0285326 0.171559
1 36 0.0760562 0.123275
0 37 0.0313541 0.0119419
1 37 0.0789597 -0.0570771
0 38 0.0321172 -0.00822924
1 38 0.0790933 -0.080178
0 39 0.0393414 0.109744
1 39 0.089 0.0548935
0 40 0.0401448 0.149438
1 40 0.0893084 0.09948
0 41 0.0401448 0.149438
1 41 0.0893084 0.09948
0 42 0.0431737 0.00997533
1 42 0.0927971 -0.0597936
0 43 0.0431737 0.00997533
1 43 0.0927971 -0.0597936
0 44 0.0432657 0.101837
1 44 0.093188 0.0466414
0 45 0.0451935 -0.0323534
1 45 0.0958965 -0.108465
0 46 0.0482429 0.0387627
1 46 0.0985047 -0.0255221
0 47 0.0507907 0.253979
1 47 0.103624 0.221927
0 48 0.051283 0.120908
1 48 0.106738 0.0700434
0 48 0.0535735 0.123801
0 49 0.0545556 0.191741
1 49 0.10488 0.154854
0 50 0.0557602 -0.012358
1 50 0.107593 -0.0855618
0 51 0.0564205 0.100663
1 51 0.108899 0.0462177
0 52 0.0581548 -0.204542
1 52 0.140876 -0.274357
0 53 0.0600162 0.1303
1 53 0.112312 0.0789955
0 54 0.0604952 0.0881678
1 54 0.113151 0.0310809
0 55 0.0624487 0.200935
1 55 0.114971 0.158205
0 56 0.0636025 -0.208609
1 56 0.118896 -0.316282
0 57 0.0684807 0.0933379
1 57 0.122964 0.036024
0 58 0.0687645 -0.0518952
1 58 0.122603 -0.132288
0 59 0.0706858 0.0483681
1 59 0.124551 -0.0150893
0 60 0.0765698 0.0296851
1 60 0.130978 -0.0370625
0 61 0.0774868 0.048954
1 61 0.172301 0.0629598
0 62 0.0779197 0.149176
1 62 0.132348 0.100617
0 63 0.0789248 0.0617931
1 63 0.134826 0.000745883
0 64 0.0790139 0.0920606
1 64 0.134268 0.0353861
0 52 0.0817616 -0.175355
0 52 0.0819063 -0.175054
0 65 0.0826652 0.119384
1 65 0.138422 0.0669201
0 66 0.082984 0.107131
1 66 0.138684 0.0524336
0 67 0.0856312 0.0844245
1 67 0.141549 0.02811
0 68 0.0863086 0.0932278
1 68 0.144686 0.0348668
0 68 0.0876794 0.0886211
0 69 0.0886208 0.0916581
1 69 0.144686 0.0348668
0 9 0.0920266 0.216012
0 9 0.0920266 0.216012
0 70 0.0922707 -0.135298
1 70 0.156555 -0.229489
0 71 0.0923796 -0.0413127
1 71 0.152827 -0.117826
0 72 0.0945677 -0.163508
1 72 0.15527 -0.261855
0 73 0.0966385 0.164803
1 73 0.1541 0.118083
0 74 0.0966385 0.164803
1 74 0.1541 0.118083
0 75 0.0985616 0.103893
1 75 0.156344 0.0512335
0 76 0.102913 -0.0883137
1 76 0.159856 -0.176666
0 77 0.104462 -0.0414243
1 77 0.16583 -0.11915
0 78 0.106483 0.26349
1 78 0.16396 0.229207
0 79 0.106483 0.26349
1 79 0.16396 0.229207
0 80 0.106951 0.0422295
1 80 0.167148 -0.0216337
0 37 0.107824 0.164879
0 81 0.10814 0.130863
1 81 0.167577 0.0803603
0 82 0.110071 0.181107
1 82 0.169257 0.137427
0 61 0.111908 0.115582
0 83 0.111908 0.115582
1 83 0.172301 0.0629598
0 84 0.113433 0.24541
1 84 0.172603 0.208055
0 85 0.113433 0.24541
1 85 0.172603 0.208055
0 86 0.118363 0.103334
1 86 0.180291 0.0485188
0 87 0.119996 0.0868816
1 87 0.18072 0.0302
0 88 0.120793 0.0890067
1 88 0.182667 0.0324827
0 89 0.120909 0.0536273
1 89 0.181798 -0.00750634
0 90 0.122409 0.192292
1 90 0.183466 0.149783
0 90 0.122409 0.192292
0 91 0.122409 0.192292
1 91 0.183466 0.149783
0 91 0.122409 0.192292
0 92 0.123013 0.151709
1 92 0.184076 0.103739
0 93 0.124017 -0.0154131
1 93 0.196013 -0.0797494
0 93 0.127941 -0.00833942
0 93 0.130712 -0.00685416
0 94 0.132947 0.0644972
1 94 0.197231 0.00619178
0 95 0.132972 0.0557886
1 95 0.197294 -0.00559491
0 96 0.134688 0.0124511
1 96 0.199828 -0.0570216
0 97 0.137404 0.0174816
1 97 0.201411 -0.0480519
0 98 0.13985 -0.0246419
1 98 0.205929 -0.100009
0 99 0.141221 0.153095
1 99 0.20759 0.106678
0 100 0.147139 0.19201
1 100 0.211487 0.149693
0 101 0.150261 -0.108308
1 101 0.221851 -0.193799
0 102 0.153201 0.0278782
1 102 0.219828 -0.0384465
0 103 0.155391 0.20347
1 103 0.221437 0.162071
0 104 0.155391 0.20347
1 104 0.221437 0.162071
0 103 0.156781 0.197587
0 104 0.156781 0.197587
0 105 0.159736 0.226102
1 105 0.226176 0.188076
0 106 0.168169 0.229293
1 106 0.23702 0.192233
0 107 0.173998 0.0447044
1 107 0.245319 -0.0182958
0 108 0.180873 0.228945
1 108 0.250544 0.192239
0 109 0.186615 0.00508076
1 109 0.261539 -0.0655141
0 110 0.191214 0.234513
1 110 0.262892 0.198201
0 111 0.191655 0.136654
1 111 0.265253 0.0875399
0 112 0.193971 -0.035029
1 112 0.275659 -0.108274
0 112 0.195033 -0.0341771
0 113 0.195104 0.103184
1 113 0.270282 0.0486526
0 114 0.198005 -0.0607969
1 114 0.275372 -0.138675
0 115 0.202733 0.111589
1 115 0.279224 0.0581982
0 116 0.204059 0.029903
1 116 0.280321 -0.0333344
0 117 0.2139 -0.00207155
1 117 0.294019 -0.073932
0 118 0.218478 0.249165
1 118 0.293746 0.214972
0 119 0.218826 0.193643
1 119 0.295029 0.151205
0 120 0.224206 0.105032
1 120 0.300781 0.0527215
0 20 0.224206 0.105032
0 121 0.244108 0.154013
1 121 0.326235 0.107684
0 122 0.252159 0.270165
1 122 0.332412 0.239422
0 123 0.257335 0.254117
1 123 0.338021 0.220084
0 124 0.271044 0.28344
1 124 0.352825 0.255849
2 0 -0.125054 0.171384
2 4 -0.106199 0.263984
2 5 -0.106199 0.263984
0 125 -0.102042 -0.188678
2 125 -0.114504 -0.212098
0 126 -0.101353 0.0398879
2 126 -0.109278 0.0121977
2 3 -0.0996227 0.203
2 6 -0.10034 0.027628
2 7 -0.10034 0.027628
0 127 -0.0879971 -0.196793
2 127 -0.102937 -0.220753
0 128 -0.0879971 -0.196793
2 128 -0.102937 -0.220753
2 9 -0.101345 -0.208098
0 129 -0.0827365 -0.173157
2 129 -0.0970828 -0.197758
0 130 -0.0827365 -0.173157
2 130 -0.0970828 -0.197758
2 11 -0.0893711 0.0307112
0 131 -0.075138 -0.187999
2 131 -0.0912921 -0.211821
2 13 -0.0817696 0.0382296
0 132 -0.0689365 0.124297
2 132 -0.0719074 0.0972785
2 15 -0.0760099 0.0317553
2 18 -0.0685072 0.0372977
2 19 -0.0659022 0.0272541
2 21 -0.0463235 0.194493
2 22 -0.0346779 0.208899
2 23 -0.0322683 0.0442425
0 133 -0.015781 0.158248
2 133 -0.0237421 0.135046
0 134 -0.0138863 -0.21965
2 134 -0.0240648 -0.243305
0 135 -0.0138863 -0.21965
2 135 -0.0240648 -0.243305
0 136 -0.00734923 -0.198151
2 136 -0.0145487 -0.22086
2 24 -0.0145487 -0.22086
0 137 -0.00386322 -0.2108
2 137 -0.01244 -0.233252
2 25 -0.01244 -0.233252
2 26 -0.0197105 -0.124129
2 27 -0.0075829 -0.191933
2 29 -0.014354 0.0184002
2 30 -0.0074978 -0.157472
0 138 0.00593601 -0.190046
2 138 -0.00112421 -0.212685
2 33 -0.00194856 -0.0181924
0 139 0.0224778 0.0714084
2 139 0.00504414 0.0495157
2 35 0.0033353 0.00530431
2 36 0.0370573 0.163506
0 140 0.0312173 0.19035
2 140 0.0224961 0.17129
0 141 0.0312173 0.19035
2 141 0.0224961 0.17129
2 37 0.0061176 -0.0155772
2 38 0.0072345 -0.0316246
0 142 0.0388171 -0.0124213
2 142 0.110701 0.0016314
0 142 0.0393339 -0.0126695
2 39 0.0240726 0.0887652
2 42 0.0193255 -0.011411
2 43 0.0193255 -0.011411
2 45 0.0282386 -0.0562605
0 36 0.045944 0.178949
0 143 0.0467126 0.113712
2 143 0.031163 0.0940318
2 46 0.0266585 0.0168577
2 48 0.0364982 0.101629
0 144 0.0530456 0.107992
2 144 0.0367188 0.0879841
0 145 0.0534406 0.0765807
2 145 0.0350877 0.0560988
2 48 0.0386511 0.104462
0 146 0.054109 0.213701
2 146 0.0464412 0.198324
0 147 0.0542154 0.190097
2 147 0.0447388 0.172971
2 50 0.031068 -0.0356216
2 51 0.0389368 0.0800148
0 148 0.058216 0.109893
2 148 0.0424142 0.0911992
0 149 0.0589183 0.00928269
2 149 0.034595 -0.0130308
0 150 0.0589183 0.00928269
2 150 0.034595 -0.0130308
2 53 0.0451707 0.111669
2 54 0.0423888 0.0687363
2 55 0.0528788 0.184771
0 151 0.0624487 0.200935
2 151 0.0528788 0.184771
2 57 0.0507456 0.0740211
2 58 0.0541916 -0.0778484
2 59 0.0487674 0.0280771
0 152 0.0756332 0.234815
2 152 0.0684668 0.22234
2 60 0.0528732 0.00839641
0 153 0.0765698 0.0296851
2 153 0.0528732 0.00839641
0 154 0.0767234 0.0378162
2 154 0.0538453 0.0167871
0 155 0.0767234 0.0378162
2 155 0.0538453 0.0167871
2 61 0.055023 0.0290844
2 63 0.0570807 0.0420369
0 156 0.0804409 0.0152409
2 156 0.060162 -0.00966354
2 66 0.0655126 0.0892084
2 68 0.0694197 0.0725978
2 69 0.0694197 0.0725978
2 9 0.0829004 0.202699
2 9 0.0829004 0.202699
2 70 0.0935851 -0.152921
2 71 0.0804767 -0.0633689
0 157 0.0951826 -0.203329
2 157 0.098561 -0.229225
2 78 0.0912381 0.252929
2 80 0.0844108 0.0222819
2 37 0.0944355 0.151375
2 81 0.0920471 0.115346
2 61 0.0945349 0.0996158
2 83 0.0945349 0.0996158
2 84 0.10271 0.233413
0 158 0.113637 0.122556
2 158 0.0972788 0.107044
2 86 0.100034 0.0867985
2 90 0.110924 0.180426
2 91 0.110924 0.180426
2 92 0.109548 0.138267
2 93 0.102837 -0.0278215
2 94 0.111421 0.0474256
2 95 0.112601 0.0377072
0 142 0.134225 0.0233914
2 96 0.108929 -0.00769046
0 159 0.149664 0.165656
2 159 0.146472 0.15659
2 101 0.157825 -0.130331
2 102 0.130065 0.00602393
2 105 0.151211 0.220166
0 160 0.164494 0.23658
2 160 0.156094 0.229315
2 106 0.159817 0.223934
2 113 0.17671 0.083637
2 115 0.210832 0.111362
0 161 0.213684 0.113396
2 161 0.217773 0.112496
0 162 0.213684 0.113396
2 162 0.217773 0.112496
2 118 0.221025 0.249519
0 163 0.24599 0.274545
2 163 0.244313 0.279302
2 124 0.283325 0.298277
0 164 0.273999 0.268614
2 164 0.288752 0.280223
0 165 -0.238294 -0.23322
3 165 -0.272547 -0.215637
3 5 -0.125049 0.30012
3 125 -0.128643 -0.173273
3 126 -0.124394 0.053614
3 3 -0.117523 0.239829
0 166 -0.0964631 -0.1955
3 166 -0.122634 -0.178779
3 6 -0.11536 0.067933
3 7 -0.11536 0.067933
3 127 -0.114997 -0.180204
3 128 -0.114997 -0.180204
3 9 -0.113467 -0.167718
3 129 -0.109241 -0.157003
3 130 -0.109241 -0.157003
3 10 -0.106877 0.256587
0 167 -0.0793513 -0.196185
3 167 -0.106755 -0.178937
3 11 -0.103643 0.0716169
3 131 -0.103076 -0.170925
3 132 -0.0884142 0.136052
0 168 -0.0636766 0.0579559
3 168 -0.0897695 0.0728977
3 14 -0.0897695 0.0728977
3 15 -0.0897695 0.0728977
3 17 -0.0879889 0.258846
3 18 -0.0826659 0.0788163
0 169 -0.0541299 0.0236585
3 169 -0.0829728 0.0397174
0 170 -0.0541299 0.0236585
3 170 -0.0829728 0.0397174
3 21 -0.0617721 0.232827
3 22 -0.0496466 0.24859
3 23 -0.0416128 0.0903786
3 133 -0.0387987 0.17451
0 171 -0.0139066 0.125562
3 171 -0.0349695 0.141682
3 134 -0.0350179 -0.204023
3 136 -0.0257717 -0.18148
3 24 -0.0257717 -0.18148
0 172 -0.00690906 0.166571
3 172 -0.0297963 0.184116
0 173 -0.00690906 0.166571
3 173 -0.0297963 0.184116
3 137 -0.0233368 -0.194057
3 25 -0.0233368 -0.194057
3 26 -0.0285867 -0.080535
3 27 -0.0195021 -0.152803
3 28 -0.0195021 -0.152803
3 29 -0.0254529 0.0615796
3 30 -0.01874 -0.115358
0 125 0.00593601 -0.190046
3 31 -0.0115397 -0.18599
0 174 0.00799483 0.00602048
3 174 -0.0244738 0.0267958
3 32 -0.0127612 0.0262042
3 33 -0.0127612 0.0262042
3 35 -0.00760812 0.0493086
0 175 0.026113 0.0199134
3 175 0.0884747 0.0116039
3 140 0.0078363 0.210419
3 37 -0.00331971 0.0299712
3 142 0.00424957 0.00993376
3 39 0.0115594 0.131336
3 40 0.0139994 0.170281
3 41 0.0139994 0.170281
3 42 0.00929395 0.0333337
3 43 0.00929395 0.0333337
3 44 0.0153119 0.124164
3 45 0.0156646 -0.0115033
3 143 0.0187402 0.136055
0 176 0.0507907 0.253979
3 176 0.0364942 0.270488
3 144 0.0246437 0.130412
3 50 0.0219438 0.0101908
3 51 0.027503 0.123729
3 52 0.0389793 -0.18613
3 149 0.0250257 0.0325107
3 150 0.0250257 0.0325107
3 53 0.0323854 0.153382
3 54 0.0307914 0.112484
3 55 0.0384584 0.223939
3 151 0.0384584 0.223939
3 57 0.0390426 0.11707
3 59 0.0384744 0.0727786
3 152 0.0531602 0.259755
3 60 0.0433415 0.0538957
3 153 0.0433415 0.0538957
3 154 0.0439791 0.0622005
3 155 0.0439791 0.0622005
0 177 0.0767234 0.0378162
3 177 0.0439791 0.0622005
3 61 0.0449505 0.0737235
3 63 0.0466068 0.0864453
3 156 0.0503615 0.0364801
3 65 0.0541791 0.144365
3 66 0.0537583 0.132087
3 67 0.0552048 0.109517
3 9 0.0685318 0.241734
0 178 0.0926243 0.0732804
3 178 0.060938 0.0987147
3 157 0.084159 -0.189575
3 73 0.070545 0.192103
3 74 0.070545 0.192103
3 75 0.0897098 0.115053
3 80 0.0744426 0.0686271
3 37 0.0813387 0.192811
3 81 0.0800702 0.158084
0 179 0.111161 -0.041384
3 179 0.0842218 -0.0171942
3 61 0.0830986 0.143168
3 158 0.0854392 0.150113
3 86 0.0889884 0.130651
3 88 0.0908362 0.116483
3 90 0.0973804 0.220955
0 90 0.122409 0.192292
0 9 0.122409 0.192292
3 92 0.0971195 0.180448
0 180 0.125021 0.0893199
3 180 0.0943227 0.11814
3 94 0.100757 0.092441
3 142 0.10003 0.0523408
0 181 0.134524 0.137642
3 181 0.165694 0.127455
3 98 0.109694 0.00344831
3 159 0.131892 0.195804
3 101 0.147212 -0.0879044
3 102 0.122011 0.0521601
3 103 0.13445 0.233671
3 104 0.13445 0.233671
3 105 0.137011 0.259393
0 182 0.162789 0.237599
3 182 0.142277 0.26892
3 106 0.145469 0.262865
0 183 0.179703 0.111742
3 183 0.162556 0.135188
3 109 0.153538 0.0356288
3 110 0.175432 0.268075
3 115 0.199791 0.130795
3 117 0.180571 0.0310032
3 118 0.204098 0.287489
3 163 0.227844 0.317429
3 123 0.249732 0.289575
0 184 -0.246991 -0.303922
4 184 -0.258994 -0.267787
0 185 -0.24178 -0.323936
4 185 -0.251574 -0.288452
0 186 -0.23726 -0.320324
4 186 -0.247746 -0.284053
0 187 -0.219682 -0.322146
4 187 -0.226841 -0.285191
0 188 -0.149951 0.313502
4 188 -0.0849826 0.296703
4 2 -0.123864 -0.0603547
0 189 -0.102042 -0.188678
4 189 -0.111875 -0.145427
4 125 -0.111875 -0.145427
4 3 -0.124522 0.29342
4 166 -0.105607 -0.152432
0 190 -0.0924535 -0.298862
4 190 -0.114611 -0.285715
4 6 -0.108584 0.111346
4 7 -0.108584 0.111346
4 8 -0.0956774 -0.140247
4 9 -0.0956774 -0.140247
4 167 -0.0862511 -0.152249
4 11 -0.0950417 0.115044
4 11 -0.0939147 0.118023
4 131 -0.0823305 -0.143891
4 12 -0.0888624 0.0563072
4 13 -0.0871647 0.121136
0 191 -0.0639987 -0.166392
4 191 -0.0711418 -0.121978
4 14 -0.0791928 0.114867
4 15 -0.0791928 0.114867
4 17 -0.0848378 0.31217
4 19 -0.066516 0.110217
4 20 -0.0587682 -0.274907
4 21 -0.0602702 0.281639
4 22 -0.0406998 0.29592
0 192 -0.0211594 -0.219552
4 192 -0.0263329 -0.178632
4 133 -0.0331261 0.217926
4 134 -0.0186008 -0.178484
4 135 -0.0186008 -0.178484
4 136 -0.0133957 -0.155861
4 24 -0.0133957 -0.155861
4 173 -0.0244246 0.226405
4 25 -0.0089758 -0.169636
0 193 -0.00263564 0.112335
4 193 -0.0167659 0.171274
4 27 -0.00792054 -0.127386
4 28 -0.00792054 -0.127386
4 29 -0.00973555 0.0953541
4 30 -0.00252798 -0.0852509
4 125 0.000390239 -0.147225
4 138 0.000390239 -0.147225
4 31 0.00192464 -0.160123
4 174 0.00125711 0.0633401
4 35 0.0167419 0.0858586
4 175 0.135026 0.0644815
4 36 0.0130281 0.230473
4 140 0.0148044 0.250549
4 37 0.0269841 0.0710204
4 38 0.0281782 0.0486947
0 194 0.0337111 -0.274371
4 194 0.0314774 -0.236248
4 142 0.0356545 0.0444621
4 39 0.0285701 0.168671
4 40 0.0271673 0.20994
4 41 0.0271673 0.20994
0 195 0.0425485 -0.0180144
4 195 0.0394237 0.0382657
4 43 0.0386284 0.0677067
4 44 0.0330056 0.161157
4 45 0.0405702 0.0225014
4 143 0.0360039 0.173423
4 46 0.0420786 0.0972425
4 144 0.042906 0.167342
4 145 0.045334 0.135639
4 48 0.0430182 0.183605
4 146 0.0379728 0.274663
4 147 0.0395278 0.250657
4 49 0.03966 0.252255
4 51 0.04722 0.160316
4 52 0.0555211 -0.169196
4 148 0.0484643 0.169907
4 149 0.0550159 0.0673579
4 53 0.0490707 0.1903
4 54 0.0516638 0.147991
4 55 0.0473134 0.261565
4 56 0.0605124 -0.165616
4 57 0.0607083 0.152619
4 152 0.0594053 0.295966
4 60 0.0727045 0.0877104
4 155 0.0722429 0.0968257
4 61 0.0727021 0.108056
4 63 0.0736452 0.120903
4 156 0.076702 0.0742083
4 52 0.0794774 -0.128851
4 65 0.0736863 0.179499
4 66 0.074906 0.167048
4 67 0.0789796 0.143895
4 69 0.0818009 0.150934
0 196 0.0886208 0.0916581
4 196 0.0818009 0.150934
4 9 0.0776297 0.276869
4 71 0.0820152 0.0106895
0 197 0.0927573 -0.0544845
4 197 0.0843062 0.00196781
4 72 0.0902169 -0.119417
4 157 0.0930475 -0.158757
4 76 0.11085 -0.030979
4 80 0.103797 0.101844
4 81 0.0997404 0.19135
0 198 0.108496 -0.0456131
4 198 0.106318 0.00833071
4 82 0.0988708 0.241814
4 179 0.109241 0.0129748
4 61 0.104659 0.176048
4 83 0.104659 0.176048
4 158 0.106413 0.182962
4 86 0.112456 0.163155
4 87 0.115009 0.146611
4 90 0.110928 0.253298
4 91 0.110928 0.253298
4 92 0.114771 0.212655
4 93 0.125961 0.0435199
4 93 0.131999 0.0517138
4 94 0.130295 0.12474
4 95 0.130333 0.115648
4 142 0.134696 0.081938
4 97 0.137505 0.0771661
4 98 0.139556 0.031182
4 100 0.136404 0.251311
4 102 0.148688 0.0909692
4 103 0.143384 0.264405
4 104 0.143384 0.264405
4 105 0.148268 0.287476
4 182 0.150351 0.299613
4 106 0.156112 0.290618
4 107 0.173534 0.100955
4 183 0.17421 0.172773
4 109 0.189856 0.0652315
4 110 0.17829 0.296028
4 112 0.195529 0.0219972
4 115 0.194273 0.153937
0 199 0.212125 -0.0015859
4 199 0.217511 0.0597739
4 117 0.218751 0.0591336
4 119 0.206923 0.252093
4 123 0.240013 0.311155
5 2 -0.0962313 -0.0878951
5 189 0.0265623 -0.180029
5 166 -0.0472898 -0.186172
5 6 -0.0725153 0.0946793
5 127 -0.056824 -0.186629
5 8 -0.0574408 -0.172956
5 10 -0.0694889 0.305752
5 11 -0.0582878 0.0984707
5 11 -0.0571769 0.100959
5 131 -0.0437565 -0.176935
5 132 -0.0536181 0.16604
5 14 -0.0413913 0.0960369
5 15 -0.0413913 0.0960369
5 17 -0.0468867 0.30638
5 169 -0.0263379 0.0579386
5 170 -0.0263379 0.0579386
5 19 -0.0274046 0.0908234
5 21 -0.0272267 0.271932
5 22 -0.00154217 0.28296
5 23 0.00825219 0.109988
5 133 0.00090839 0.202849
5 134 0.0151947 -0.212533
5 135 0.0151947 -0.212533
0 200 -0.0104473 0.243013
5 200 0.0108856 0.295662
5 172 0.00863142 0.209992
5 25 0.020096 -0.203594
5 27 0.025257 -0.158518
5 28 0.025257 -0.158518
5 29 0.0301527 0.0701678
5 30 0.0278958 -0.117032
5 31 0.0296833 -0.192931
0 201 0.00774526 -0.247727
5 201 0.0340774 -0.243891
5 33 0.0572462 0.038134
5 35 0.0598078 0.0591862
5 36 0.0483911 0.206788
5 38 0.073569 0.0189692
5 142 0.0807571 0.0142576
5 44 0.0717575 0.136428
5 45 0.0836991 -0.00588131
5 143 0.0747793 0.148937
5 46 0.0840982 0.068876
5 144 0.0822336 0.143629
5 145 0.0859001 0.108817
5 146 0.0701258 0.253962
5 49 0.0730426 0.232369
5 50 0.0968394 0.0154331
5 51 0.0866661 0.135546
5 148 0.0869338 0.143221
5 150 0.0996572 0.0369939
5 53 0.0865095 0.165604
5 55 0.0806372 0.240289
5 151 0.0806372 0.240289
5 57 0.100542 0.125419
5 59 0.107132 0.0769975
5 60 0.116127 0.0574769
5 154 0.115038 0.0666935
5 155 0.115038 0.0666935
5 61 0.11516 0.0770739
5 63 0.116466 0.0914507
5 65 0.111926 0.15231
5 67 0.119461 0.11485
5 9 0.110102 0.253121
5 72 0.111546 -0.150385
5 74 0.121251 0.197054
5 75 0.130441 0.135257
5 77 0.138707 -0.0207117
5 80 0.145696 0.0694638
5 81 0.137122 0.162344
5 82 0.133493 0.2151
5 61 0.14308 0.146092
5 83 0.14308 0.146092
5 85 0.134607 0.282738
5 86 0.151113 0.133398
5 87 0.154839 0.114975
5 89 0.159757 0.0809747
5 90 0.144525 0.225382
5 90 0.144525 0.225382
0 202 0.122409 0.192292
5 202 0.144525 0.225382
5 93 0.17494 0.0157573
5 93 0.177537 0.017368
5 94 0.171213 0.0919025
5 95 0.170259 0.083128
5 181 0.162927 0.166822
0 203 0.137586 0.0348929
5 203 0.180515 0.0634516
5 105 0.17882 0.256512
5 182 0.182095 0.269593
5 106 0.186336 0.259295
5 108 0.00367416 0.169347
5 114 -0.207111 -0.0912403
5 116 0.248928 0.0478889
5 199 0.259612 0.020239
5 163 0.191715 0.265892
5 122 0.256122 0.289387
6 5 -0.120186 0.296572
6 189 -0.0904133 -0.258953
6 125 -0.0904133 -0.258953
6 126 -0.0981158 0.00166408
6 3 -0.113215 0.226059
6 166 -0.0827142 -0.267126
6 6 -0.0889833 0.0226249
6 7 -0.0889833 0.0226249
6 127 -0.0722295 -0.267634
6 128 -0.0722295 -0.267634
6 8 -0.072938 -0.253137
6 129 -0.0693297 -0.2407
6 130 -0.0693297 -0.2407
6 11 -0.0749745 0.026351
6 11 -0.0733636 0.0301991
6 131 -0.0577346 -0.257676
6 12 -0.0573529 -0.0434565
6 132 -0.0698373 0.0991914
6 14 -0.057628 0.0251664
6 14 -0.057628 0.0251664
6 15 -0.057628 0.0251664
6 16 -0.0656226 0.223047
6 19 -0.0439036 0.0192488
6 21 -0.0429613 0.206794
6 22 -0.0195051 0.218945
6 23 -0.00670575 0.0415057
6 133 0.0480567 0.121517
6 171 -0.014538 0.10112
6 24 0.0109094 -0.255141
6 172 -0.00635325 0.144627
6 173 -0.00635325 0.144627
6 193 0.00292982 0.083366
6 26 0.0165391 -0.15216
6 29 0.015095 6.59007e-05
6 201 0.00177085 -0.287149
6 174 0.0277356 -0.0365691
6 33 0.0420018 -0.0349477
6 139 0.0380043 0.0366837
6 34 0.0432266 -0.00256678
6 35 0.0447696 -0.0121707
6 140 0.0331377 0.168361
6 38 0.0584747 -0.0533311
6 39 0.0515544 0.0782662
6 44 0.0568542 0.0693547
6 45 0.0666321 -0.0777941
6 143 0.0595523 0.0823647
6 46 0.0695996 -0.00143305
6 176 0.0696409 0.230321
6 144 0.0667905 0.0757101
6 145 0.071051 0.0403437
6 147 0.0584853 0.166104
6 49 0.0584825 0.167681
6 50 0.0824626 -0.0573103
6 51 0.0718551 0.0677352
6 148 0.0724409 0.0775777
6 149 0.0853304 -0.0344677
6 53 0.0715947 0.0998784
6 54 0.111719 0.0467585
6 55 0.0656039 0.177449
6 151 0.130222 0.163204
6 57 0.0847552 0.059247
6 59 0.0931147 0.00800151
6 152 0.0764797 0.213575
6 153 0.101862 -0.0123643
6 154 0.100995 -0.00344397
6 155 0.100995 -0.00344397
6 61 0.100699 0.00892376
6 62 0.0885395 0.119366
6 63 0.102035 0.0226988
6 156 0.100678 -0.0218059
6 65 0.0973532 0.0864423
6 67 0.105122 0.0475625
6 68 0.104116 0.0577496
6 69 0.108252 0.0556904
6 196 0.108252 0.0556904
6 9 0.0954389 0.191474
6 74 0.106876 0.133361
0 204 0.0973184 -0.0423364
6 204 0.118541 -0.0905202
6 77 0.125584 -0.0910282
6 80 0.131621 0.000105831
6 198 0.128871 -0.0938987
6 82 0.11932 0.151873
6 179 0.133094 -0.0900707
6 61 0.128861 0.0805538
6 83 0.128861 0.0805538
6 84 0.119506 0.221896
6 85 0.119506 0.221896
6 158 0.129561 0.0883664
6 86 0.137263 0.0660892
6 91 0.130222 0.163204
6 93 0.158209 -0.0631528
6 93 0.160881 -0.0566552
6 94 0.157238 0.0229884
6 95 0.156503 0.0156099
6 181 0.149261 0.103141
6 203 0.165071 -0.00461665
6 105 0.164665 0.196927
6 182 0.168148 0.20888
6 106 0.172354 0.199686
6 164 0.256724 0.230334
7 6 0.0114174 0.0850145
7 7 0.0114174 0.0850145
7 129 0.0434801 -0.191046
7 130 0.0434801 -0.191046
7 11 0.0250102 0.0886387
7 11 0.0258231 0.0905712
7 132 0.0259955 0.155513
7 14 0.0416563 0.0857481
7 169 0.0589223 0.0469005
7 170 0.0589223 0.0469005
7 19 0.055416 0.0795744
7 23 0.0896435 0.0990822
7 133 0.0778217 0.1907
7 193 0.100795 0.137178
7 33 0.1398 0.0256111
7 35 0.142065 0.0452994
7 140 0.122915 0.218318
7 38 0.157314 0.00480248
7 142 0.16512 -0.000499341
7 40 0.139826 0.173807
7 41 0.139826 0.173807
7 44 0.150147 0.122169
7 143 0.152403 0.134553
7 46 0.165054 0.0534347
7 145 0.165561 0.0939385
7 49 0.146965 0.216933
7 50 0.179584 0.000861948
7 51 0.164697 0.120592
7 148 0.164664 0.12894
7 149 0.195545 0.050983
7 150 0.195545 0.050983
7 53 0.163124 0.150709
7 55 0.153876 0.225168
7 58 0.275317 0.275806
7 59 0.188495 0.0616789
7 152 0.162702 0.258157
7 60 0.196886 0.0416515
7 154 0.195545 0.050983
7 61 0.195201 0.0621461
7 63 0.196537 0.0756233
7 65 0.18826 0.136553
7 67 0.19734 0.0987778
7 196 0.200592 0.107022
7 9 0.18157 0.236755
7 178 0.206188 0.086861
7 74 0.195283 0.179735
7 80 0.224447 0.0530285
7 37 0.206493 0.179666
7 81 0.212055 0.145706
7 82 0.206411 0.197633
7 83 0.218721 0.12939
7 84 0.207209 0.265899
7 85 0.207209 0.265899
0 205 0.117174 -0.0797585
7 205 0.261159 0.0372138
7 87 0.23281 0.0963161
7 90 0.0419122 0.0899657
7 90 0.0419122 0.0899657
7 90 0.0419122 0.0899657
7 202 0.0419122 0.0899657
7 91 0.215954 0.20789
7 93 0.252453 -0.00909111
7 93 0.255802 -0.00188052
7 93 0.25838 -3.82234e-05
7 94 0.248001 0.0736264
7 95 0.247489 0.0664963
7 181 0.236702 0.149401
7 105 0.247429 0.237727
7 182 0.25144 0.250127
7 106 0.254299 0.240409
7 123 0.310142 0.255777
7 124 0.33081 0.275463
7 164 0.324403 0.262756
8 126 0.00363375 0.0375268
8 3 -0.0154542 0.254002
8 6 0.0105836 0.060213
8 7 0.0105836 0.060213
0 206 -0.091062 0.272027
8 206 -0.00882967 0.292908
8 11 0.023543 0.0634926
8 13 0.0319049 0.0681271
8 132 0.0262992 0.130303
8 14 0.0398219 0.0611078
8 16 0.0308847 0.25098
8 17 0.0339443 0.266512
8 19 0.053629 0.0551278
8 22 0.0775119 0.241421
8 23 0.0865058 0.0744972
8 200 0.0901909 0.25307
8 172 0.0841293 0.170936
8 193 0.0972654 0.112362
8 29 0.107824 0.0328842
8 35 0.136531 0.0214789
8 140 0.120581 0.191301
8 38 0.151111 -0.0177567
8 142 0.157811 -0.0224672
8 39 0.140848 0.105728
8 40 0.136464 0.147997
8 44 0.145354 0.0967623
8 45 0.15862 -0.0411656
8 143 0.14798 0.109619
8 46 0.158357 0.0283891
8 47 0.146114 0.257676
8 176 0.146114 0.257676
8 144 0.155042 0.103198
8 48 0.153502 0.119389
8 49 0.144005 0.189903
8 50 0.17165 -0.0209864
8 51 0.159597 0.0958022
8 150 0.175394 -0.000571077
8 53 0.158672 0.1254
8 55 0.150679 0.198386
8 57 0.173275 0.0861896
8 59 0.182105 0.0382858
8 152 0.159712 0.231723
8 60 0.190099 0.0189861
8 154 0.188817 0.0278116
8 155 0.188817 0.0278116
8 61 0.188788 0.0387944
8 63 0.190053 0.0518438
8 64 0.169992 0.0878762
8 65 0.182918 0.111729
8 67 0.191467 0.0749572
8 196 0.186494 0.0864594
8 9 0.177926 0.210021
8 75 0.201 0.094251
8 78 0.200108 0.255861
8 79 0.200108 0.255861
8 80 0.217188 0.0300976
8 81 0.206409 0.120886
8 82 0.201333 0.172197
8 61 0.212391 0.104791
8 83 0.212391 0.104791
8 85 0.200451 0.234229
8 158 0.212487 0.112035
8 86 0.220375 0.0918171
8 91 0.211011 0.181954
8 93 0.248778 -0.0223462
8 94 0.239813 0.0498359
8 95 0.240088 0.0435588
8 181 0.230311 0.124678
8 100 0.260357 0.173564
8 105 0.241898 0.211585
8 182 0.245421 0.223488
8 118 0.284979 0.229937
8 120 0.0845517 0.149194
8 124 0.324819 0.249185
8 164 0.319716 0.237339
9 184 -0.262067 -0.291727
0 207 -0.23726 -0.320324
9 207 -0.253245 -0.30726
9 186 -0.253245 -0.30726
9 2 -0.110534 -0.0946662
9 4 -0.121154 0.308896
9 5 -0.121154 0.308896
9 189 -0.108019 -0.172996
9 125 -0.108019 -0.172996
9 126 -0.112321 0.056915
9 3 -0.111935 0.247097
9 166 -0.103093 -0.179711
9 6 -0.103312 0.07191
9 7 -0.103312 0.07191
9 127 -0.0947981 -0.180807
9 128 -0.0947981 -0.180807
9 8 -0.0938984 -0.167906
9 129 -0.0896417 -0.156692
9 130 -0.0896417 -0.156692
9 10 -0.0994643 0.26426
9 167 -0.0860299 -0.17957
9 11 -0.0911076 0.0760249
9 131 -0.0823297 -0.171102
9 12 -0.0867417 0.0187718
9 13 -0.08327 0.0834209
9 132 -0.07896 0.140101
9 16 -0.080247 0.253653
9 18 -0.0691449 0.0828816
9 19 -0.0652106 0.0729007
9 21 -0.0537435 0.240355
0 208 -0.0226632 -0.225194
9 208 -0.0262512 -0.212744
9 22 -0.0395287 0.255663
9 192 -0.0233987 -0.202198
9 23 -0.0282624 0.0950895
9 171 -0.0249296 0.148064
9 134 -0.014723 -0.202599
9 136 -0.00658336 -0.180555
9 24 -0.00658336 -0.180555
0 209 -0.00572072 -0.285071
9 209 -0.0026033 -0.269145
9 137 -0.00365501 -0.192682
9 25 -0.00365501 -0.192682
9 26 -0.00884998 -0.0779198
9 27 -0.00132152 -0.151145
9 29 -0.0107564 0.0652971
9 30 0.000993892 -0.112454
9 125 0.00665607 -0.171383
9 138 0.00665607 -0.171383
9 31 0.00800781 -0.184173
9 174 -0.00614548 0.0307482
9 33 0.00622779 0.0309437
9 139 0.00876719 0.0977036
9 35 0.0102174 0.0539566
9 36 0.0152893 0.197333
9 140 0.0184046 0.217498
9 37 0.0159983 0.0348757
9 38 0.0178025 0.0174833
9 39 0.0260968 0.136526
9 40 0.0266259 0.176789
9 195 0.0290705 0.00775955
9 42 0.0287845 0.0376616
9 43 0.0287845 0.0376616
9 44 0.0298125 0.129584
9 45 0.0343677 -0.00730992
9 36 0.0350044 0.207981
9 143 0.0332487 0.141956
9 46 0.0346549 0.0668132
9 176 0.0437431 0.276846
9 144 0.0396104 0.136396
9 145 0.0398503 0.104837
9 48 0.0402125 0.152656
9 146 0.041342 0.243663
9 49 0.0417937 0.220659
9 50 0.0421276 0.0148704
9 51 0.0426776 0.129099
9 52 0.0597227 -0.184031
9 148 0.0448376 0.139161
9 149 0.0448641 0.0372278
9 150 0.0448641 0.0372278
9 53 0.0466219 0.159696
9 54 0.0468947 0.117399
9 55 0.049306 0.230941
9 151 0.049306 0.230941
9 56 0.0688103 -0.188561
9 57 0.0551607 0.123
9 58 0.0651177 -0.027066
9 152 0.062647 0.268046
9 60 0.0626148 0.0590166
9 153 0.0626148 0.0590166
9 155 0.0629657 0.0674167
9 61 0.0633352 0.0790715
9 63 0.064599 0.0919069
9 64 0.0656948 0.122653
9 156 0.0692525 0.0420754
9 52 0.0877915 -0.153577
9 65 0.0694049 0.150499
9 66 0.0700194 0.138139
9 67 0.0723827 0.115332
9 69 0.0751218 0.122531
9 196 0.0751218 0.122531
9 72 0.099608 -0.141902
9 157 0.105208 -0.182654
9 78 0.0897352 0.299478
9 79 0.0897352 0.299478
9 80 0.0941265 0.0740375
9 37 0.0958233 0.19941
9 81 0.095462 0.164396
9 179 0.104678 -0.0119943
9 61 0.0990571 0.149303
9 85 0.0995887 0.282615
9 158 0.101316 0.15654
9 86 0.105834 0.137005
9 87 0.108403 0.122917
9 90 0.110166 0.22786
9 90 0.110166 0.22786
9 91 0.110166 0.22786
9 92 0.111743 0.18719
9 93 0.111222 0.016732
9 180 0.110627 0.126603
9 93 0.117778 0.0256415
9 94 0.120142 0.098028
9 142 0.121787 0.0566912
0 210 0.135672 0.0467728
9 210 0.1271 0.0803667
9 97 0.123822 0.0531716
9 100 0.136184 0.230503
9 159 0.143465 0.202415
9 101 0.162732 -0.0831011
9 102 0.14317 0.0589653
9 103 0.146048 0.24067
9 104 0.146048 0.24067
9 183 0.177237 0.144037
9 109 0.176428 0.0415811
9 110 0.185362 0.275951
9 111 0.191029 0.175903
9 113 0.19623 0.131395
9 199 0.202791 0.0371099
9 117 0.204781 0.0374376
9 118 0.212618 0.294052
9 120 0.229543 0.1368
9 20 0.229543 0.1368
0 211 0.243651 -0.0355037
9 211 0.238665 0.00482086
9 123 0.257468 0.300871
2 1 0.281691 0.268972
1 153 -0.0320352 -0.018148
1 212 0.0189354 -0.0465653
2 212 0.0310148 -0.00853335
1 94 0.0263088 0.0232616
2 28 -0.00568031 -0.201377
1 213 0.103624 0.221927
2 213 0.0416127 0.244826
1 214 0.104069 0.167353
2 214 0.0438472 0.193024
1 57 0.119648 0.0375466
1 215 0.128173 -0.00949383
2 215 0.049079 0.0346378
1 216 0.140813 -0.0158912
2 216 0.0623823 0.027265
1 217 0.143664 -0.0122261
2 217 0.0640179 0.0313119
1 218 0.146524 0.211656
2 218 0.0817295 0.236051
1 219 0.146848 -0.00973155
2 219 0.0682075 0.0325027
1 220 0.164193 -0.0508913
2 220 0.0795321 -0.00336436
1 221 0.164193 -0.0508913
2 221 0.0795321 -0.00336436
1 222 0.168744 -0.0727848
2 222 0.0844854 -0.0213964
1 223 0.168744 -0.0727848
2 223 0.0844854 -0.0213964
1 224 0.179567 -0.0932863
2 224 0.0876924 -0.0413213
1 225 0.18332 -0.0405082
2 225 0.207037 0.00148867
1 226 0.184835 0.113706
2 226 0.109855 0.146833
1 227 0.188793 0.0197376
2 227 0.105372 0.0607923
1 228 0.196074 -0.0584333
2 228 0.10529 -0.00922168
2 110 0.191877 0.231516
2 117 0.188214 -0.0188666
2 119 0.22284 0.185867
2 123 0.269145 0.254047
3 0 -0.143899 0.206073
1 229 -0.064109 0.229344
3 229 -0.118139 0.276342
1 230 0.0321111 -0.260941
3 230 -0.0319319 -0.145812
1 25 0.0401319 -0.318264
3 214 0.029357 0.232054
1 231 0.104756 0.00677238
3 231 0.0250868 0.090007
1 232 0.115513 -0.0562922
3 232 0.0207376 0.0362679
1 233 0.127782 0.0428249
3 233 0.0448739 0.122945
3 215 0.0407994 0.0782384
1 234 0.138371 0.144219
3 234 0.0584969 0.211942
3 216 0.0521112 0.0722752
3 217 0.0538667 0.0760517
3 218 0.0668132 0.274238
3 219 0.0580214 0.0778222
3 222 0.0756914 0.025242
3 223 0.0756914 0.025242
3 226 0.0978646 0.188362
1 235 0.186958 -0.081937
3 235 -0.00289476 0.0393549
3 227 0.0951966 0.10597
1 236 0.196074 -0.0584333
3 236 0.0970946 0.0384783
3 228 0.0970946 0.0384783
1 237 0.20209 0.187647
3 237 0.115913 0.256135
1 15 0.204514 -0.0797157
1 238 0.224698 0.184691
3 238 0.136319 0.254909
1 239 0.251711 0.175932
3 239 0.157788 0.252943
1 176 0.251999 0.0777765
1 109 0.260671 -0.0645914
1 240 0.326636 -0.107976
3 240 0.222981 -0.00100275
4 153 -0.0807515 0.102499
1 136 0.0372116 -0.300986
4 8 0.011387 0.120977
4 49 0.0381981 0.258067
4 51 0.0474078 0.160851
4 232 0.0507614 0.0715036
1 241 0.13974 0.0332725
4 241 0.0768385 0.149079
4 216 0.0801166 0.106658
4 217 0.0811112 0.110566
4 218 0.0746454 0.310188
4 75 0.20173 0.101057
4 222 0.108206 0.0560352
4 223 0.108206 0.0560352
4 224 0.117535 0.038276
4 226 0.113504 0.220925
1 242 0.187405 -0.033668
4 242 0.122775 0.0923025
4 227 0.121988 0.137533
4 228 0.131896 0.0692991
4 237 0.12605 0.286837
4 101 0.145804 -0.0535219
1 243 0.240647 0.200264
4 243 0.161372 0.297517
1 244 0.261539 -0.0655141
4 244 0.189856 0.0652315
4 113 0.179346 0.17056
1 245 0.27052 -0.125415
4 245 0.1877 0.0137681
4 112 0.199851 0.0261944
5 4 0.25392 0.276644
5 3 -0.0963873 0.291606
1 246 -0.0279643 0.000163448
5 246 -0.0413791 0.100516
5 231 0.0859729 0.0978956
5 49 -0.118703 0.281369
1 247 0.110762 -0.0588372
5 247 0.0996116 0.0379375
1 247 0.110762 -0.0588372
1 248 0.11795 0.0125849
5 248 0.112099 0.102685
5 233 0.105048 0.130901
5 215 0.111455 0.0819175
1 248 0.133324 0.0130105
5 234 0.105197 0.22407
5 216 0.122545 0.0761951
5 218 0.107779 0.28843
1 249 0.152054 0.0445313
5 249 0.126682 0.130515
5 70 0.11547 -0.118625
5 222 0.153601 0.0223731
5 223 0.153601 0.0223731
1 250 0.179586 0.0434442
5 250 0.152578 0.127042
1 251 0.180061 -0.00289812
5 251 0.158412 0.083825
1 90 0.183466 0.149783
5 242 0.164144 0.059991
1 252 0.196013 -0.0797494
5 252 -0.0376506 0.0263608
5 228 0.175859 0.0335012
5 237 0.157458 0.258602
5 104 0.174008 0.23723
5 115 0.219442 0.138222
5 118 0.228251 0.277256
6 153 -0.0578893 0.0117744
6 18 0.215108 -0.0751935
6 8 0.180077 -0.0219365
6 36 0.0328677 0.14171
1 253 0.135358 -0.0507809
6 253 0.107494 -0.026192
1 253 0.135358 -0.0507809
6 216 0.108311 0.00731587
6 218 0.0904111 0.225323
6 219 0.112569 0.0137409
6 220 0.133297 -0.0273456
6 224 0.0523836 -0.0235312
6 251 0.150572 0.0189601
6 90 0.130222 0.163204
6 226 0.132778 0.129075
6 227 0.148237 0.0385822
6 228 0.162724 -0.0356711
6 237 0.143322 0.198011
1 220 0.205419 -0.0663991
6 104 0.159879 0.176559
1 254 0.223622 -0.165947
6 254 0.0825553 -0.0704105
6 243 0.177556 0.205471
1 255 0.246995 0.249089
6 255 0.183019 0.254968
1 256 0.251999 0.0777765
6 256 0.180223 0.0937897
6 244 0.220033 -0.040433
6 118 0.215261 0.21961
6 123 0.241491 0.221473
7 3 -0.0170818 0.282725
7 153 0.042325 0.0728074
7 16 0.0318635 0.279518
7 22 0.0788095 0.270397
7 8 0.121501 -0.120078
7 216 0.201996 0.0610348
7 218 0.179202 0.2715
7 249 0.207758 0.10277
7 222 0.234704 0.00522636
7 223 0.234704 0.00522636
7 251 0.235326 0.0683398
7 227 0.239042 0.0881512
7 228 0.256 0.0166413
7 243 0.259318 0.245995
1 257 0.251711 0.175932
7 257 0.268114 0.219253
7 244 0.310457 0.00999172
8 153 0.0396227 0.0481917
8 33 0.13421 0.00263951
8 8 0.128692 0.0580504
8 231 0.163225 0.0592623
8 249 0.198247 0.0904032
8 88 0.226799 0.0710747
8 225 0.230006 0.0172619
8 90 0.0400952 0.0652103
8 91 0.0400952 0.0652103
8 226 0.214008 0.149996
8 228 0.247008 -0.00526449
8 237 0.222049 0.213774
8 243 0.253558 0.219717
9 229 -0.118064 0.28297
9 25 -0.0045385 -0.191144
9 214 0.03975 0.239743
9 231 0.0461997 0.0965869
9 57 0.0518485 0.124275
9 216 0.0709383 0.0777664
9 218 0.0769563 0.282047
9 219 0.0758615 0.0841
9 9 0.110166 0.22786
9 220 0.0912724 0.0482325
9 224 0.102544 0.0111471
9 251 0.105178 0.0918298
1 258 0.181215 0.243328
9 258 0.102855 0.31324
9 226 0.111497 0.195207
9 228 0.118532 0.0437903
9 237 0.127312 0.263527
9 108 0.17161 0.27015
9 239 0.170392 0.258353
9 116 0.195564 0.0673195
1 259 0.299777 0.0181431
9 259 0.072119 0.205717
2 260 -0.258039 -0.241491
3 260 -0.277193 -0.208734
2 261 -0.250424 -0.0544254
3 261 -0.276911 -0.0491847
2 262 -0.213976 -0.00531093
3 262 -0.239143 0.000612827
2 263 -0.212544 0.0208955
3 263 -0.238622 0.0331384
2 264 -0.113812 0.230368
3 264 -0.129533 0.269841
2 265 -0.0912921 -0.211821
3 265 -0.103076 -0.170925
2 266 -0.0699756 -0.0373689
3 266 -0.0899989 -0.0234395
2 267 -0.0684697 -0.277398
3 267 -0.0796693 -0.238101
2 134 -0.0239172 -0.244248
2 171 -0.0174694 0.0994957
2 268 -0.0145487 -0.22086
3 268 -0.0257717 -0.18148
2 269 0.0421495 0.0443354
3 269 0.0299937 0.0877649
3 147 0.0303925 0.212447
2 270 0.0447388 0.172971
3 270 0.0303925 0.212447
2 52 0.0485217 -0.227008
2 176 0.0512068 0.231814
2 151 0.0528788 0.184771
2 271 0.055023 0.0290844
3 271 0.0449505 0.0737235
2 272 0.0623162 -0.146352
3 272 0.0456497 -0.113419
2 273 0.0648526 -0.0757536
3 273 0.0574002 -0.0323124
2 219 0.0677009 0.0331513
2 274 0.0685802 0.00757103
3 274 0.059543 0.0539754
2 275 0.0685802 0.00757103
3 275 0.059543 0.0539754
3 68 0.0250257 0.0325107
2 276 0.0695623 0.214174
3 276 0.054958 0.252602
2 277 0.0715399 -0.112053
3 277 0.0649651 -0.0633966
2 278 0.0823928 -0.114622
3 278 0.0758771 -0.0659528
2 9 0.0829004 0.202699
2 9 0.0829004 0.202699
2 279 0.100932 0.0271281
3 279 0.0928746 0.0698926
2 175 0.107669 -0.0139784
2 280 0.114102 0.0054358
3 280 0.105328 0.05392
2 238 0.117509 0.134939
2 281 0.125563 -0.02255
3 281 0.1173 0.0242375
2 282 0.129404 0.134368
3 282 0.11546 0.175211
2 283 0.138872 0.149716
3 283 0.125331 0.188371
2 284 0.163945 0.0463049
3 284 0.149126 0.0870287
2 285 0.168989 -0.0531849
3 285 0.161107 -0.00576985
2 183 0.171824 0.0929028
2 239 0.172942 0.214732
2 286 0.180662 0.0110228
3 286 0.172589 0.0595267
2 287 0.189909 0.00604021
3 287 0.181805 0.0553947
2 287 0.189909 0.00604021
2 288 0.195823 0.0410137
3 288 0.186854 0.0878289
2 289 0.208061 0.0266812
3 289 0.196027 0.0667366
2 289 0.20815 0.0272616
2 290 0.22166 0.0570718
3 290 0.206234 0.0938516
3 119 0.180421 0.170008
2 291 0.235417 0.274912
3 291 0.218325 0.310574
3 1 0.262059 0.302504
2 292 0.286265 0.168177
3 292 0.260916 0.192632
2 293 0.286265 0.168177
3 293 0.260916 0.192632
3 164 0.269071 0.31156
2 294 0.337424 0.159626
3 294 0.31025 0.184576
4 260 -0.257378 -0.184171
4 268 -0.0133957 -0.155861
2 295 0.0100698 -0.0280331
4 295 0.0299693 0.052581
2 296 0.0131994 0.0238981
4 296 0.0256967 0.104562
4 212 0.0507614 0.0715036
4 150 0.0550159 0.0673579
2 49 0.0370573 0.163506
2 297 0.0386746 0.191692
4 297 0.0310458 0.26933
4 269 0.0490186 0.121778
2 212 0.0682075 0.0325027
4 220 0.103134 0.0760661
4 9 0.0776297 0.276869
4 279 -0.264448 -0.281547
2 244 0.160894 -0.0131197
2 298 0.204634 0.250048
4 298 0.193511 0.308844
2 77 -0.00304437 -0.177708
5 149 0.0996572 0.0369939
2 299 0.0723964 -0.0974104
5 299 0.117305 -0.186659
2 300 0.0899093 0.0860869
5 300 0.13933 0.132945
6 134 0.00177085 -0.287149
6 171 0.00923579 0.0861449
6 25 0.0076389 -0.279935
6 27 0.0106214 -0.23408
6 30 0.0152553 -0.190582
6 296 0.052161 0.00764923
6 214 0.0416282 0.183494
2 301 0.0677009 0.0331513
6 301 0.112569 0.0137409
6 274 0.0949865 -0.0195413
6 275 0.0949865 -0.0195413
2 63 0.0712775 0.0418534
6 78 0.243887 0.234107
6 175 0.165864 -0.04094
2 302 0.206349 0.00193362
6 302 0.26056 -0.0424496
7 261 -0.157077 -0.00952765
7 15 0.0416563 0.0857481
7 18 0.182017 0.0684786
2 303 -0.0115646 0.092118
7 303 0.104199 0.139274
7 296 0.148161 0.0635628
7 45 0.166502 -0.0194075
7 297 0.136844 0.235038
7 214 0.130356 0.2322
7 176 0.162941 0.278265
7 271 0.0236891 0.094282
7 276 0.171141 0.254224
8 263 0.232398 0.306812
8 9 0.0400952 0.0652103
8 171 0.100647 0.115627
8 296 0.143169 0.0401031
8 146 0.128791 0.205423
8 176 0.161482 0.251188
8 63 0.251647 0.00944746
8 300 0.209627 0.0918891
8 92 0.293292 0.124134
2 304 -0.254245 -0.246066
9 304 -0.251007 -0.210084
2 304 -0.253269 -0.245982
2 305 -0.130684 0.269801
9 305 -0.164181 0.323416
9 0 -0.139453 0.212338
2 229 -0.095784 0.23488
9 265 -0.0823297 -0.171102
2 306 -0.0685072 0.0372977
9 306 -0.0691449 0.0828816
2 307 -0.021878 -0.234261
9 307 -0.0142468 -0.194573
9 268 -0.00658336 -0.180555
2 308 -0.0110728 -0.00635646
9 308 -0.00371524 0.0428171
2 308 -0.0107525 -0.00750313
9 297 0.0338217 0.237243
9 270 0.0415094 0.219125
9 271 0.0633352 0.0790715
9 277 0.0903948 -0.059113
9 300 0.0956813 0.136278
2 309 0.102251 -0.044273
9 309 0.116601 0.0083458
2 310 0.104914 0.154386
9 310 0.105923 0.202388
9 227 0.0425571 0.113087
2 310 0.105542 0.154781
9 175 0.120978 0.0384792
2 311 0.10958 -0.0606736
9 311 0.120944 -0.00983356
2 312 0.121944 0.148895
9 312 0.122748 0.197292
2 313 0.127345 0.14612
9 313 0.127904 0.194203
9 282 0.128213 0.181508
9 105 0.148121 0.267513
2 192 0.185191 -0.0539338
9 287 0.205422 0.0618093
2 113 0.197867 0.0734544
9 163 0.239123 0.324891
3 314 -0.179467 -0.0285581
4 314 -0.174465 0.0145541
4 265 -0.0823305 -0.143891
3 315 -0.0938216 -0.262958
4 315 -0.065093 -0.240163
4 171 0.118053 0.189182
3 316 -0.00628004 0.0340155
4 316 0.0202409 0.0704342
4 235 0.0234508 0.0755582
4 68 0.0550159 0.0673579
4 231 0.0410853 0.122432
3 269 0.035659 0.0894382
3 317 0.040742 0.101144
4 317 0.0494375 0.133609
3 318 0.0534379 0.258079
4 318 0.0597211 0.295058
3 319 0.0549917 0.178954
4 319 0.0700978 0.214612
3 231 0.0694988 0.0915072
3 46 0.0744426 0.0686271
3 320 0.0853063 0.15408
4 320 0.105377 0.187117
3 226 0.0930181 0.189097
3 321 0.0943227 0.11814
4 321 0.0476682 0.143478
4 281 -0.245974 0.0255958
3 322 0.139304 -0.026322
4 322 0.143321 -0.00561635
3 323 0.159894 0.260775
4 323 0.169116 0.290394
3 324 0.166641 0.159574
4 324 0.17419 0.187769
5 265 -0.0437565 -0.176935
5 316 0.0641976 0.042115
3 325 0.0300737 0.0916377
5 325 0.0936547 0.0996494
3 326 0.0385877 -0.128011
5 326 0.0771641 -0.131142
5 319 0.106906 0.190402
5 321 0.135334 0.132169
5 142 0.177543 0.0472304
5 283 0.0977434 0.269195
3 327 0.128095 -0.0789304
5 327 0.155582 -0.0696977
3 328 -0.102134 0.0689077
6 328 -0.0717486 0.0216484
6 316 0.0493124 -0.0294189
3 329 -0.00573063 -0.225937
6 329 0.0588466 -0.314954
3 330 0.0207917 0.0416226
6 330 0.0797815 -0.0244198
3 331 0.0504978 0.110775
6 331 0.0999125 0.0488493
3 332 0.0757758 0.208259
6 332 0.109496 0.152103
6 288 0.0360621 0.0470895
7 260 0.0926003 -0.238511
3 260 -0.275752 -0.209146
7 166 0.0192413 -0.199923
7 127 0.0301756 -0.200437
7 128 0.0301756 -0.200437
7 167 0.0395378 -0.200042
7 328 0.0278444 0.083342
7 268 0.103127 -0.194553
7 316 0.147353 0.0282374
7 235 0.150195 0.0337572
7 150 0.181896 0.0220452
7 326 0.152793 -0.14424
7 317 0.169543 0.0918673
7 233 0.179893 0.115893
7 272 0.187411 -0.134614
7 274 0.190959 0.0355284
3 11 0.0745 0.141723
3 206 -0.112755 0.275872
8 316 0.141882 0.00579739
8 232 0.225466 0.0030556
8 269 0.198425 0.0555391
3 333 0.0361896 0.122161
8 333 0.174383 0.0915717
8 234 0.179978 0.183158
8 218 0.176097 0.243856
8 288 0.14373 0.0589851
3 35 0.205949 0.0548265
3 207 -0.277934 -0.299664
3 186 -0.277934 -0.299664
9 260 -0.255697 -0.213433
3 334 -0.272462 -0.274488
9 334 -0.25522 -0.284341
3 304 -0.270304 -0.205033
9 262 -0.225871 0.00658574
9 263 -0.232381 0.0411538
3 335 -0.126327 -0.308567
9 335 -0.103701 -0.310847
9 315 -0.0727704 -0.26435
9 267 -0.0553159 -0.237964
9 316 0.0123238 0.0389846
9 331 0.0675576 0.116451
9 319 0.0684382 0.184915
9 46 0.0941265 0.0740375
9 332 0.0880516 0.214839
9 226 0.107321 0.195731
9 283 0.137474 0.193628
9 322 0.154874 -0.0222361
9 323 0.17161 0.27015
9 324 0.17894 0.166082
9 286 0.194237 0.069517
3 20 0.221317 0.127731
9 123 0.256676 0.298609
9 1 0.269311 0.30974
4 336 -0.226841 -0.285191
5 336 -0.194355 -0.325625
4 49 -0.135498 0.276728
4 127 -0.0958557 -0.1529
4 337 -0.0956774 -0.140247
5 337 -0.0574408 -0.172956
5 191 -0.0457063 -0.158581
4 35 0.0157861 0.082649
4 316 0.0202193 0.0701726
5 297 0.0631998 0.249425
4 338 0.0314806 0.276245
5 338 0.0650799 0.257099
4 339 0.0319134 0.275566
5 339 0.0650838 0.256354
4 248 0.043852 0.142403
4 340 0.0541386 0.0637543
5 340 0.09966 0.033012
4 149 0.0550159 0.0673579
4 341 0.0750069 0.15464
5 341 0.115153 0.125923
4 342 0.0915849 0.163722
5 342 0.130441 0.135257
5 171 0.155 0.157957
4 242 0.122994 0.0927944
4 77 0.130564 0.0120215
5 324 0.195532 0.155275
5 244 0.232367 0.0286826
4 116 0.212011 0.0853737
4 343 -0.282828 0.0088707
6 343 -0.289832 -0.03224
4 344 -0.158572 0.244823
6 344 -0.146887 0.181591
6 2 -0.110385 -0.166058
4 128 -0.0958557 -0.1529
6 337 -0.072938 -0.253137
6 265 -0.0577346 -0.257676
4 164 -0.0311747 0.19352
4 193 -0.0190619 0.171677
4 193 -0.0174431 0.17129
6 138 0.0148222 -0.253959
4 288 0.0115232 0.139023
6 338 0.0499191 0.192773
4 345 0.0315349 0.207491
6 345 0.0523705 0.119902
6 248 0.0696172 0.0484535
6 321 0.0732404 0.0489515
6 317 0.0757459 0.0380634
6 232 0.133889 -0.0313267
6 340 0.0847814 -0.038586
6 71 0.0537888 -0.0864003
6 242 0.253951 -0.00870957
6 77 0.153504 -0.0916558
6 323 0.184916 0.198598
6 116 0.245277 -0.0259236
4 116 0.217513 0.0827371
4 346 -0.26149 -0.300851
7 346 -0.0989053 -0.324836
7 186 0.104144 -0.160914
7 2 -0.00790644 -0.100414
4 347 -0.110106 -0.144646
7 347 0.0132144 -0.190719
7 337 0.0287983 -0.186276
7 8 0.0287983 -0.186276
4 202 -0.0789195 0.118884
7 21 0.0507812 0.260581
4 348 -0.0473077 0.272249
7 348 0.0594562 0.249418
7 345 0.143662 0.170892
7 340 0.182073 0.0178834
7 149 0.181896 0.0220452
4 349 0.0569145 0.147903
7 349 0.207758 0.10277
7 341 0.192561 0.110673
7 104 0.242878 0.220342
7 298 0.290791 0.256927
7 116 0.326906 0.026459
7 199 0.336666 -0.000346937
7 116 0.331921 0.0234552
7 117 0.240119 -0.0855255
8 343 -0.143452 -0.0218134
8 184 -0.0385424 -0.244108
4 184 -0.252007 -0.258528
4 184 -0.249063 -0.256435
8 21 0.0497404 0.232017
8 348 0.0589465 0.221756
8 295 0.152391 -0.0134672
8 297 -0.0157641 0.197655
8 338 0.135733 0.212885
8 345 0.140353 0.145091
8 149 0.175394 -0.000571077
4 333 0.0569145 0.147903
4 350 0.0640041 0.110656
8 350 0.179737 0.0427629
8 342 0.201 0.094251
4 351 0.096045 0.172536
8 351 0.204332 0.102174
4 352 0.100555 -0.050887
8 352 0.242454 -0.0473045
8 92 0.353532 0.291973
4 88 0.118287 0.135646
4 353 0.124552 0.124369
8 353 0.235132 0.0509948
8 175 0.280765 0.171374
8 323 0.260359 0.212404
8 244 0.29999 -0.01201
8 199 0.325282 -0.021579
8 116 0.322338 0.000894561
4 354 -0.0384745 -0.191461
9 354 -0.0400582 -0.214457
4 209 -0.0154219 -0.247703
9 35 0.00821575 0.0481474
4 355 0.0275669 0.0748083
9 355 0.0190047 0.0430245
9 345 0.0314123 0.175154
4 195 0.039479 0.0375253
9 248 0.0387067 0.111767
9 321 0.0425571 0.113087
9 242 0.22146 0.077857
9 142 0.122019 0.0562973
4 356 0.211638 0.0769532
9 356 0.199947 0.0553236
9 116 0.205422 0.0618093
5 343 -0.268621 0.0141485
5 357 -0.210869 0.0189823
6 357 -0.228382 -0.0227296
6 114 -0.224303 -0.133193
6 191 -0.061592 -0.25105
5 358 -0.0272267 0.271932
6 358 -0.0429613 0.206794
5 359 0.0196435 -0.137959
6 359 0.00368736 -0.216009
5 360 0.0215276 -0.182094
6 360 0.00881485 -0.256157
6 31 0.0169909 -0.267628
5 361 0.0325962 -0.0764012
6 361 0.0165391 -0.15216
5 362 0.0413134 -0.106886
6 362 0.0281387 -0.181171
5 214 0.0563917 0.246135
5 363 0.0822336 0.143629
6 363 0.0673083 0.0766729
6 144 0.0673083 0.0766729
6 283 0.0835404 0.208795
5 364 0.0977499 -0.0250938
6 364 0.0819747 -0.096697
5 274 0.10944 0.0509172
5 275 0.10944 0.0509172
5 365 0.113849 0.314434
6 365 0.0978641 0.253052
5 156 0.11483 0.0495743
5 67 0.115153 0.125923
5 366 0.129096 -0.0185156
6 366 0.11477 -0.0849799
6 327 0.145158 -0.144123
5 367 0.158529 0.180692
6 367 0.143953 0.117582
5 368 0.16789 0.0696342
6 368 0.152851 0.00217756
5 94 0.171652 0.0925816
5 369 0.174008 0.23723
6 369 0.159879 0.176559
5 370 0.176079 -0.0758364
6 370 0.163301 -0.160989
5 371 0.176758 -0.00638887
6 371 0.164259 -0.0759851
6 203 0.165071 -0.00461665
5 203 0.180515 0.0634516
5 372 0.184434 0.0168778
6 372 0.17164 -0.0540435
5 373 0.188196 0.247837
6 373 0.174713 0.187543
5 104 0.205618 -0.002065
5 374 0.214781 0.0695749
6 374 0.202548 0.00275878
5 375 0.222271 0.219034
6 375 0.209547 0.16294
5 376 0.224051 -0.00510931
6 376 0.212486 -0.0742705
5 18 0.226911 -0.00542031
5 377 0.233524 -0.0147333
6 377 0.219131 -0.0848462
5 378 0.257668 0.298643
6 378 0.24437 0.241229
5 164 0.269303 0.286116
7 343 -0.172373 0.00257262
7 10 0.0127558 0.296156
7 191 0.0358182 -0.175456
5 379 -0.0413791 0.100516
7 379 0.0419122 0.0899657
7 252 0.0474296 0.0164563
7 358 0.0507812 0.260581
7 200 0.222884 0.295967
7 359 0.102484 -0.150314
5 268 0.0265623 -0.180029
7 30 0.109205 -0.128307
7 201 0.116102 -0.25721
7 36 0.123628 0.192027
5 149 0.0584306 0.0431945
5 380 0.0737683 0.100404
7 380 0.153862 0.0860769
5 381 0.0737683 0.100404
7 381 0.153862 0.0860769
5 176 0.083957 0.291403
7 366 0.206443 -0.0347243
5 349 0.129834 0.118937
5 249 0.129834 0.118937
7 77 0.214216 -0.0371689
7 369 0.242878 0.220342
7 203 0.252678 0.050197
7 373 0.257123 0.228149
5 58 0.202757 0.293769
5 58 0.202757 0.293769
7 374 0.289718 0.0490796
5 382 0.218723 -0.0526247
7 382 0.257901 -0.0681273
7 376 0.298174 -0.0206483
7 18 0.303396 -0.0240107
7 378 0.321313 0.275136
5 383 0.258739 -0.0157942
7 383 0.32781 -0.036383
5 384 -0.107759 0.317233
8 384 -0.0242394 0.278891
8 2 -0.0115345 -0.116794
8 191 0.0325042 -0.187938
8 131 0.0392527 -0.207394
8 265 0.0392527 -0.207394
8 15 0.0398219 0.0611078
5 15 -0.0413913 0.0960369
8 379 0.0400952 0.0652103
5 385 -0.0373941 -0.0314363
8 385 0.0347073 -0.0543625
8 358 0.0497404 0.232017
8 108 0.078735 0.130547
5 386 0.0160531 0.0305545
8 386 0.0964781 -0.00537012
8 25 0.0936453 -0.233929
5 387 0.0217542 -0.167835
8 387 0.0992357 -0.20174
8 268 0.0997252 -0.209589
8 189 0.0997252 -0.209589
8 30 0.104149 -0.145702
8 31 0.102248 -0.221966
8 361 0.111673 -0.10876
8 362 0.115391 -0.139032
8 363 0.155042 0.103198
5 7 0.104619 -0.0267877
8 156 0.186713 0.0149184
8 70 0.180608 -0.151742
8 366 0.19969 -0.0546572
5 388 0.135334 0.132169
8 388 0.204752 0.0913578
8 77 0.207287 -0.057251
5 389 0.146213 0.130836
8 389 0.215762 0.0898045
8 367 0.226778 0.138614
8 368 0.236516 0.0317984
8 369 0.237652 0.193893
8 104 0.237652 0.193893
8 203 0.245823 0.027169
5 390 0.205618 -0.002065
8 390 0.265887 -0.0375246
5 152 0.214043 0.184851
8 374 0.2804 0.0274591
8 376 0.288431 -0.0415234
8 4 0.305733 0.230825
8 378 0.314356 0.248376
9 191 -0.0660339 -0.155376
9 340 0.0430971 0.0335983
9 365 0.0706168 0.308248
9 106 0.274608 0.261878
6 391 -0.072938 -0.253137
7 391 0.0287983 -0.186276
6 392 -0.0446755 0.232698
7 392 0.0547924 0.287895
6 393 -0.0203453 0.0344858
7 393 0.076161 0.0956854
7 171 0.0804884 0.156816
6 345 -0.0069501 0.121672
6 394 -0.00594727 -0.0325582
7 394 0.0940462 0.027359
6 395 0.0523836 -0.0235312
7 395 0.0302342 0.0417642
7 254 0.180757 -0.0127284
6 59 0.0954942 0.00785871
6 396 0.109241 -0.125704
7 396 0.210435 -0.0674733
7 54 0.214982 0.0994396
6 200 0.133437 0.252571
7 232 0.228329 0.0226483
7 93 0.252437 -0.00847681
6 397 0.210349 -0.032838
7 397 0.304107 0.0153441
6 397 0.213019 -0.0348162
6 398 0.277035 0.260395
7 398 0.350009 0.290986
6 399 -0.238493 0.0510206
8 399 -0.132826 0.0867617
8 328 0.0262026 0.0589314
8 392 0.0535226 0.255964
6 400 -0.0113791 0.203728
8 400 0.0812574 0.226408
6 401 -0.0113791 0.203728
8 401 0.0812574 0.226408
6 268 0.0109094 -0.255141
8 30 0.105964 -0.144648
8 36 0.121348 0.161779
6 345 0.0369131 0.171217
6 345 0.0375393 0.171532
8 224 0.075948 0.214506
6 402 0.0541336 0.169718
8 402 0.136834 0.204548
6 403 0.0541336 0.169718
8 403 0.139706 0.192322
6 363 0.0667905 0.0757101
6 404 0.0860079 -0.156456
8 404 0.179092 -0.114494
8 59 0.183534 0.0381689
6 405 0.100257 0.0635802
8 405 0.186782 0.0907065
6 406 0.100257 0.0635802
8 406 0.186782 0.0907065
6 407 0.106133 -0.262481
8 407 0.184815 -0.21204
8 396 0.201334 -0.0877216
6 408 0.12593 0.124482
8 408 0.209227 0.144778
8 220 0.219415 0.00432374
8 327 0.231707 -0.105236
8 373 0.239092 -0.0478476
8 397 0.290895 -0.00399184
8 18 0.293262 -0.0444336
6 92 0.218269 0.0776082
6 409 0.500997 -0.0909398
8 409 0.492217 -0.0921521
6 174 0.0271663 -0.0367457
9 345 0.0219971 0.220563
9 232 0.0913185 0.0449154
6 117 0.248166 -0.0510087
7 184 -0.0335921 -0.225805
7 384 -0.0251017 0.309708
7 126 0.00484849 0.061108
8 271 0.0217329 0.0687759
7 410 0.0256961 -0.308545
8 410 0.0236318 -0.312866
8 379 0.0400952 0.0652103
7 411 0.0650209 -0.289042
8 411 0.0613934 -0.300301
7 411 0.0662649 -0.288983
7 412 0.0865815 0.175621
8 412 0.0845517 0.149194
7 413 0.0904006 -0.244365
8 413 0.0755958 -0.274914
8 359 0.092745 -0.175849
7 189 0.103127 -0.194553
8 186 0.0998504 -0.178197
7 414 0.104347 -0.186955
8 414 0.0992357 -0.20174
7 387 0.104347 -0.186955
7 414 0.104955 -0.186037
7 415 0.105346 -0.203579
8 415 0.101325 -0.219678
7 186 0.107151 -0.162464
7 416 0.109514 -0.295688
8 416 0.104557 -0.307638
7 413 0.11223 -0.138342
8 201 0.112101 -0.267028
7 417 0.138334 -0.000854853
8 417 0.131504 -0.0228978
7 418 0.141131 -0.273279
8 418 0.134147 -0.287332
7 419 0.143683 0.146375
8 419 0.140989 0.123249
8 381 0.14373 0.0589851
7 420 0.204679 -0.136142
8 420 0.19829 -0.15272
8 349 0.199073 0.0704872
7 421 0.214982 0.0994396
8 421 0.208353 0.0755916
8 54 0.208353 0.0755916
7 77 0.217574 -0.126575
7 422 0.229665 0.171559
8 422 0.223782 0.146382
8 251 0.231947 -0.0695963
8 117 0.23211 -0.105209
7 352 0.252461 -0.0282817
8 257 0.263481 0.196357
7 423 0.272217 0.00782843
8 423 0.263145 -0.0132
7 424 0.274956 -0.00804179
8 424 0.266121 -0.023135
7 390 0.275766 -0.0273865
7 92 0.301923 0.151282
8 398 0.343384 0.264999
7 425 0.352285 0.314481
8 425 0.315294 0.281235
7 92 0.360257 0.318666
9 419 0.0271801 0.152655
7 426 0.216661 0.0863674
9 426 0.0902928 0.106015
9 117 0.212897 0.100386
7 116 0.309826 -0.017124
8 427 -0.106781 -0.114168
9 427 0.212967 0.0905638
8 428 0.080835 0.22537
9 428 0.0749232 0.273592
8 429 0.102301 0.148499
9 429 -0.00588514 0.17193
8 323 0.130606 0.193392
8 430 0.132868 0.196864
9 430 0.0316758 0.225081
8 431 0.179739 0.142595
9 431 0.0717367 0.180781
8 258 0.217906 0.267317
8 432 0.218449 0.115211
9 432 0.106687 0.160685
8 433 0.218449 0.115211
9 433 0.106687 0.160685
9 118 0.259965 0.31818
8 434 0.325746 -0.0338249
9 434 0.0847648 -0.013786
24 28 53
18 20 28
44 102 157
30 42 59
66 134 180
66 134 180
67 38 14
67 38 14
142 144 54
186 142 5
56 70 78
114 76 38
119 75 36
28 22 18
26 24 22
26 24 22
44 68 94
98 146 182
26 20 20
117 79 44
214 210 210
83 126 164
56 78 100
147 122 100
189 167 0
183 166 1
72 48 37
13 36 84
13 36 84
26 34 44
103 148 178
16 42 93
168 86 8
168 86 8
92 74 42
200 144 36
16 102 18
86 44 11
213 137 32
158 46 50
27 38 10
27 38 10
208 168 36
208 168 36
154 70 86
58 39 31
213 173 51
102 156 197
128 34 35
81 17 22
210 167 28
54 56 24
103 122 156
195 131 6
59 82 122
185 144 2
98 118 148
58 84 124
98 128 160
219 178 133
213 168 102
36 17 13
64 41 8
214 164 62
62 83 118
192 137 4
20 99 17
126 136 158
61 83 122
60 84 124
16 48 100
166 137 101
75 95 128
216 186 58
216 186 58
52 49 21
96 52 26
156 127 88
69 66 70
69 66 70
214 174 26
190 132 6
170 42 44
24 15 18
80 62 76
80 62 76
66 41 20
58 81 122
58 79 115
69 48 22
190 136 6
190 136 6
186 42 50
208 162 42
25 94 25
147 133 124
202 148 32
218 158 20
207 180 102
189 113 131
169 40 43
218 214 214
13 28 63
192 130 130
192 130 130
103 24 30
72 42 38
17 90 16
64 42 40
190 164 48
176 130 142
114 170 210
170 146 90
17 54 114
229 221 220
30 72 130
20 92 18
190 135 16
36 112 168
110 171 208
200 195 196
50 52 66
28 40 58
110 170 206
86 147 186
159 151 22
113 72 36
175 162 18
175 162 18
184 163 2
184 163 2
190 168 1
120 77 36
84 44 22
12 34 82
12 34 82
186 161 2
176 160 0
166 156 10
95 121 122
22 32 9
22 32 9
201 152 44
24 19 20
164 43 48
61 78 112
54 15 26
31 30 16
52 24 10
91 84 76
91 84 76
178 136 2
146 48 56
212 168 102
46 27 25
46 27 25
204 172 55
220 220 221
148 47 48
188 122 137
82 133 176
196 191 190
196 191 190
101 152 186
41 44 60
36 36 50
56 112 149
60 117 150
24 22 21
54 28 10
54 28 10
34 32 5
64 36 20
64 36 20
42 36 40
200 159 45
99 157 204
46 27 24
94 108 132
152 130 100
152 167 162
32 44 43
83 135 179
68 134 183
40 42 56
123 127 133
40 43 58
110 122 135
40 56 79
158 152 28
130 172 203
56 118 173
94 136 168
122 83 44
108 122 144
108 72 34
60 88 125
12 28 65
16 24 48
179 124 14
108 158 196
18 42 95
194 140 6
28 30 47
152 130 111
30 34 48
100 161 200
40 44 60
91 146 179
112 114 128
66 50 38
236 234 236
28 25 20
88 142 180
68 23 24
74 34 10
211 174 127
215 173 118
120 124 148
78 31 7
42 34 32
42 34 32
205 171 44
205 171 44
123 72 11
220 197 118
20 16 16
138 152 150
118 69 7
66 120 159
128 153 182
60 48 34
30 22 12
110 128 140
139 50 22
129 81 12
98 52 4
168 95 18
109 25 30
84 54 38
225 221 221
115 129 154
222 166 16
92 135 169
190 162 46
228 222 222
141 134 128
134 125 113
74 70 62
99 122 125
137 149 148
66 70 88
168 122 46
210 178 58
95 84 80
80 146 188
104 158 199
92 64 40
104 170 208
214 201 136
183 184 178
164 156 144
164 156 145
165 157 150
82 114 135
182 162 3
110 71 34
98 160 198
181 157 2
202 160 48
25 29 12
58 24 14
11 32 80
66 116 164
205 168 61
205 168 61
155 34 44
84 44 23
120 94 66
100 90 99
32 22 18
215 178 94
64 58 68
194 80 98
18 89 18
156 136 89
24 88 21
38 42 0
106 138 99
60 84 116
80 100 142
93 156 195
46 52 64
46 52 64
197 194 193
203 153 44
198 150 44
61 31 35
35 102 157
170 146 128
172 122 134
86 44 18
218 216 214
36 31 6
37 37 48
34 34 46
30 24 26
161 152 32
40 43 56
218 188 93
160 51 54
191 168 124
47 30 42
182 84 100
20 24 45
175 194 208
212 149 50
122 133 146
160 47 55
37 56 8
121 26 10
144 156 162
18 38 86
63 42 39
102 166 206
64 48 20
13 36 84
86 76 84
114 78 48
20 54 110
200 170 70
62 80 114
215 172 24
146 168 167
38 38 52
143 176 204
122 125 133
195 165 2
106 152 194
116 151 186
33 20 2
117 134 147
69 49 23
212 208 204
28 32 56
164 46 48
44 47 64
168 154 14
73 52 36
114 131 157
237 194 140
194 56 63
166 142 102
120 150 143
82 166 208
220 166 64
218 178 41
222 216 214
96 132 167
120 156 184
180 161 2
66 42 33
110 144 168
170 45 52
108 112 127
122 168 202
160 132 100
105 121 160
61 46 36
196 114 118
222 218 215
199 172 106
132 62 2
132 98 54
19 87 18
102 160 199
106 78 36
158 136 82
102 154 189
153 144 139
114 129 152
114 129 152
225 219 216
212 206 203
61 94 120
111 62 35
151 111 54
23 50 98
185 144 154
175 138 152
234 229 228
198 170 1
114 160 194
142 98 47
132 94 54
73 32 8
132 90 40
189 156 32
89 146 182
208 202 200
71 92 110
71 92 110
175 60 69
174 60 66
88 50 35
54 108 54
54 108 54
236 234 234
195 59 64
228 226 226
86 148 190
94 92 102
152 116 65
146 183 209
24 52 98
21 51 105
84 112 148
86 54 28
101 126 154
182 60 66
66 103 146
81 102 135
121 140 174
236 152 71
218 190 168
122 176 214
100 116 145
122 134 154
124 79 92
97 46 30
206 50 66
244 216 82
188 64 68
188 64 68
218 192 150
