12 650 3241
0 0 -0.544221 0.2247
1 0 -0.576966 0.209957
0 1 -0.535068 0.216653
1 1 -0.567901 0.202362
0 2 -0.511806 -0.194732
1 2 -0.559076 -0.194648
0 3 -0.50601 -0.165128
1 3 -0.550775 -0.166525
0 4 -0.49971 -0.220854
1 4 -0.548533 -0.220359
0 5 -0.489987 0.188155
1 5 -0.525447 0.178476
0 6 -0.475594 -0.22249
1 6 -0.524848 -0.222625
0 7 -0.469245 -0.210577
1 7 -0.518527 -0.211445
0 8 -0.469245 -0.210577
1 8 -0.518527 -0.211445
0 9 -0.46188 -0.178308
1 9 -0.511276 -0.178296
0 10 -0.461102 -0.186381
1 10 -0.509685 -0.187103
0 11 -0.458317 -0.20232
1 11 -0.506847 -0.203583
0 12 -0.456708 -0.18787
1 12 -0.503862 -0.188047
0 13 -0.444578 0.0179567
1 13 -0.500186 0.0133857
0 14 -0.440213 0.0433695
1 14 -0.493409 0.0415331
0 15 -0.439558 0.0261873
1 15 -0.495802 0.0224102
0 16 -0.439558 0.0261873
1 16 -0.495802 0.0224102
0 17 -0.43288 0.00435043
1 17 -0.492968 0.000633567
0 18 -0.425343 -0.138663
1 18 -0.466231 -0.141924
0 19 -0.423099 -0.0751957
1 19 -0.479871 -0.0825279
0 20 -0.423099 -0.0751957
1 20 -0.479871 -0.0825279
0 21 -0.415483 0.00657432
1 21 -0.472399 0.00153268
0 22 -0.413502 0.0303509
1 22 -0.468421 0.0234657
0 23 -0.408634 0.100715
1 23 -0.443893 0.0933727
0 24 -0.40557 0.0599367
1 24 -0.461386 0.0554236
0 25 -0.40557 0.0599367
1 25 -0.461386 0.0554236
0 26 -0.393466 0.0565686
1 26 -0.44782 0.0507433
0 27 -0.3883 0.0148112
1 27 -0.421423 0.00795841
0 28 -0.381298 0.0530241
1 28 -0.436554 0.0473573
0 29 -0.381298 0.0530241
1 29 -0.436554 0.0473573
0 30 -0.376801 0.0562502
1 30 -0.433363 0.0495127
0 31 -0.370361 0.155524
1 31 -0.402589 0.146597
0 32 -0.370361 0.155524
1 32 -0.402589 0.146597
0 33 -0.363345 0.174081
1 33 -0.398607 0.164348
0 34 -0.3525 0.0389071
1 34 -0.403116 0.0327396
0 35 -0.34317 0.0658034
1 35 -0.392775 0.0597137
0 36 -0.32007 0.0311676
1 36 -0.335474 0.0190452
0 37 -0.301324 0.125411
1 37 -0.336121 0.117027
0 38 -0.125684 -0.0544185
1 38 -0.1237 -0.0600338
0 39 -0.0301213 -0.0146221
1 39 -0.0442728 -0.0218898
0 39 -0.0239856 -0.0163572
0 40 -0.0108825 -0.0138883
1 40 -0.025638 -0.0207777
0 41 0.00884603 -0.00874516
1 41 -0.00573238 -0.0153088
0 42 0.0249019 0.0926876
1 42 -0.00332047 0.0894867
0 43 0.0597566 0.0719417
1 43 0.0353801 0.0691138
0 44 0.0639249 -0.0638823
1 44 0.0607233 -0.0743363
0 45 0.0639249 -0.0638823
1 45 0.0607233 -0.0743363
0 46 0.0709837 0.10778
1 46 0.0838719 0.0945943
0 47 0.114919 -0.00958496
1 47 0.104784 -0.0156075
0 48 0.124922 -0.00778488
1 48 0.115224 -0.0134552
0 49 0.14163 -0.148216
1 49 0.133337 -0.159192
0 50 0.142626 -0.17299
1 50 0.131721 -0.18149
0 51 0.146181 -0.114797
1 51 0.137148 -0.124994
0 52 0.146546 -0.135298
1 52 0.173209 -0.138988
0 53 0.150394 -0.152358
1 53 0.141799 -0.16308
0 54 0.152399 -0.0273468
1 54 0.151439 -0.035024
0 55 0.152818 0.0232398
1 55 0.148419 0.0170664
0 55 0.152982 0.0226502
0 56 0.153481 0.00368468
1 56 0.152178 -0.000673764
0 57 0.161845 -0.0815296
1 57 0.157188 -0.0912159
0 58 0.164274 0.00508334
1 58 0.159602 -0.000376991
0 59 0.165316 -0.0149173
1 59 0.161642 -0.0213148
0 60 0.167353 -0.00143924
1 60 0.161257 -0.00708066
0 61 0.167353 -0.00143924
1 61 0.161257 -0.00708066
0 62 0.169598 -0.0667321
1 62 0.163712 -0.0756358
0 63 0.170879 0.0129008
1 63 0.16718 0.00836853
0 64 0.172922 0.050953
1 64 0.167219 0.0480028
0 65 0.17814 -0.014645
1 65 0.176444 -0.022186
0 66 0.178399 -0.0252519
1 66 0.175012 -0.031973
0 67 0.178571 -0.0480111
1 67 0.17513 -0.0555156
0 52 0.178776 -0.128035
0 68 0.178909 -0.106587
1 68 0.174144 -0.116744
0 69 0.179174 -0.0392626
1 69 0.175884 -0.0466576
0 70 0.185247 0.0299099
1 70 0.185244 0.0261905
0 71 0.196709 -0.0158969
1 71 0.196303 -0.0254399
0 72 0.227412 0.0215999
1 72 0.243257 0.0131504
0 73 0.324927 0.0643306
1 73 0.331645 0.0646139
0 74 0.331946 0.0411406
1 74 0.335529 0.0401169
0 75 0.345933 -0.0289501
1 75 0.347857 -0.0342022
0 76 0.354235 -0.0274106
1 76 0.356133 -0.0322161
0 77 0.355286 -0.00090026
1 77 0.362076 -0.00392886
0 78 0.36614 -0.0111759
1 78 0.36929 -0.015409
0 79 0.366713 -0.189885
1 79 0.378702 -0.202001
0 80 0.369664 0.0727003
1 80 0.375287 0.0736852
0 81 0.373775 -0.0782391
1 81 0.371055 -0.0872871
0 82 0.376503 0.0750588
1 82 0.384055 0.0762674
0 83 0.378606 -0.0901048
1 83 0.37988 -0.0995152
0 83 0.378606 -0.0901048
0 83 0.378606 -0.0901048
0 84 0.383797 -0.16217
1 84 0.377257 -0.174546
0 85 0.385744 -0.0779209
1 85 0.388088 -0.0861928
0 86 0.389726 0.0689933
1 86 0.425669 0.0532859
0 87 0.399639 0.0592777
1 87 0.412061 0.0571518
0 88 0.400399 -0.147047
1 88 0.403401 -0.159987
0 89 0.403128 -0.15581
1 89 0.405368 -0.169939
0 90 0.414993 0.0138721
1 90 0.421745 0.0122997
0 91 0.416635 -0.149558
1 91 0.419897 -0.163172
0 91 0.416635 -0.149558
0 92 0.416635 -0.149558
1 92 0.419897 -0.163172
0 93 0.416635 -0.149558
1 93 0.419897 -0.163172
0 94 0.421873 -0.0216928
1 94 0.429491 -0.0254058
0 95 0.426184 0.0502267
1 95 0.43491 0.0509622
0 96 0.427565 0.0314722
1 96 0.43678 0.0292768
0 97 0.433482 -0.144663
1 97 0.437653 -0.158631
0 98 0.4405 0.0717382
1 98 0.455306 0.077768
0 99 0.441102 -0.0954575
1 99 0.447736 -0.104548
0 100 0.442865 0.0340817
1 100 0.45665 0.0344928
0 101 0.446102 0.0249972
1 101 0.461921 0.023893
0 102 0.447649 -0.162452
1 102 0.462208 -0.178182
0 103 0.447984 -0.0799364
1 103 0.454333 -0.0878038
0 104 0.448456 0.0613166
1 104 0.467559 0.0641415
0 105 0.452394 0.051712
1 105 0.469379 0.0516683
0 106 0.45775 -0.0791477
1 106 0.465933 -0.0862704
0 107 0.458309 -0.0206564
1 107 0.468346 -0.0246559
0 108 0.46203 -0.0311733
1 108 0.475309 -0.0362314
0 109 0.496213 -0.0328541
1 109 0.512991 -0.0371312
0 110 0.498683 0.0711599
1 110 0.518431 0.0746361
0 111 0.506425 -0.11574
1 111 0.516884 -0.130007
0 112 0.506797 0.0430076
1 112 0.526539 0.0444509
0 113 0.506797 0.0430076
1 113 0.526539 0.0444509
0 114 0.50767 -0.136483
1 114 0.520228 -0.149603
0 115 0.511078 -0.0785464
1 115 0.523995 -0.0873982
0 116 0.513852 -0.11828
1 116 0.526959 -0.129739
0 117 0.517661 -0.1068
1 117 0.532738 -0.11683
0 118 0.518116 -0.0918079
1 118 0.526344 -0.100464
0 118 0.519181 -0.0917414
0 119 0.523582 -0.0963139
1 119 0.460795 -0.086663
0 120 0.547706 0.0016362
1 120 0.562199 0.0242542
0 121 0.560441 -0.139557
1 121 0.577464 -0.153139
0 121 0.560441 -0.139557
0 122 0.562633 -0.131872
1 122 0.568232 -0.149937
0 123 -0.424084 0.0556143
2 123 -0.520439 0.0581595
2 22 -0.512941 0.030029
2 24 -0.502696 0.0619494
2 25 -0.502696 0.0619494
2 26 -0.489308 0.0580853
0 124 -0.228889 -0.0903123
2 124 -0.247734 -0.0975508
0 125 -0.207914 0.116097
2 125 -0.235513 0.126061
0 126 -0.162682 0.0169507
2 126 -0.178757 0.018692
0 126 -0.15374 0.0192634
2 38 -0.133003 -0.0531256
2 39 0.487049 -0.0340918
0 127 -0.0254101 -0.199382
2 127 -0.0592178 -0.205088
2 41 -0.0245889 -0.00622489
0 128 0.0171142 -0.203053
2 128 -0.0172852 -0.209678
0 129 0.0315363 0.113616
2 129 0.0159113 0.11679
0 130 0.0355206 -0.194035
2 130 0.00076072 -0.198446
0 131 0.0445385 -0.209134
2 131 0.0103143 -0.216118
0 132 0.0463969 -0.199036
2 132 0.0119059 -0.205688
0 133 0.0501256 -0.204269
2 133 0.0168249 -0.210626
0 134 0.0600275 -0.202461
2 134 0.0266132 -0.21055
0 135 0.149335 -0.031515
2 135 0.130496 -0.0292832
0 136 0.150846 -0.0135026
2 136 -0.526178 -0.156571
2 54 0.137813 -0.0226313
0 137 0.157913 -0.163633
2 137 0.132541 -0.195657
2 65 0.16465 -0.0120898
2 66 0.163117 -0.0215337
0 138 0.178898 -0.0944706
2 138 0.160931 -0.108776
2 69 0.164008 -0.0363661
2 74 0.327834 0.0552366
2 76 0.345711 -0.01846
2 78 0.359256 -0.00104182
2 80 0.367468 0.0916907
2 82 0.375294 0.0952422
2 83 0.367599 -0.0893759
0 139 0.40296 -0.104998
2 139 0.394951 -0.105299
2 89 0.393795 -0.162939
0 140 0.414463 -0.150102
2 140 0.407061 -0.156832
2 91 0.409089 -0.155618
2 92 0.409089 -0.155618
2 93 0.409089 -0.155618
2 94 0.421761 -0.0108623
2 95 0.428924 0.0684161
2 96 0.431116 0.0448158
2 97 0.427956 -0.150176
2 98 0.448594 0.0940114
2 99 0.439036 -0.0940394
2 100 0.455087 0.0527206
2 101 0.460378 0.0413747
2 102 0.461443 -0.173166
2 103 0.445133 -0.0757624
2 104 0.468911 0.0838552
2 106 0.45885 -0.0732309
2 107 0.4617 -0.0109513
2 108 0.473133 -0.0221387
0 141 0.481815 -0.152489
2 141 0.490518 -0.16298
0 142 0.484349 -0.0294106
2 142 0.490917 -0.0190763
0 143 0.484349 -0.0294106
2 143 0.512661 -0.0213444
0 144 0.488036 0.0440896
2 144 0.501517 0.0645133
2 110 0.520865 0.0954429
0 145 0.50184 -0.0152237
2 145 0.511883 -0.000975071
2 112 0.528986 0.0644912
2 113 0.528986 0.0644912
2 114 0.516614 -0.141261
0 110 0.50919 0.0716751
0 146 0.51735 -0.111552
2 146 0.529056 -0.111764
2 117 0.530856 -0.106288
2 118 0.523783 -0.0885953
0 147 0.521451 -0.0982501
2 147 0.534703 -0.0949457
0 147 0.523582 -0.0963139
0 148 0.537276 -0.00715516
2 148 0.552773 0.00906259
0 149 0.538268 -0.0320326
2 149 0.553586 -0.0208164
0 150 0.549407 -0.0251409
2 150 0.566759 -0.0113083
0 108 0.551035 -0.0344803
2 121 0.578081 -0.144755
2 121 0.578081 -0.144755
0 151 -0.507392 -0.178306
3 151 -0.565667 -0.181765
3 123 -0.545145 0.0656192
3 22 -0.540889 0.0370291
3 24 -0.526977 0.0696849
3 25 -0.526977 0.0696849
0 152 -0.393466 0.0565686
3 152 -0.513497 0.0646839
3 26 -0.513497 0.0646839
3 28 -0.502757 0.0616564
3 29 -0.502757 0.0616564
0 153 -0.356464 0.0913473
3 153 -0.432312 0.103555
0 154 -0.0580581 -0.273595
3 154 -0.104422 -0.286658
3 127 -0.0689919 -0.215962
0 155 -0.00271831 0.0816756
3 155 0.408118 0.0376832
0 156 0.0162998 0.0760462
3 156 0.555071 0.0252234
3 128 -0.0254642 -0.218899
3 131 0.0037429 -0.22486
3 133 0.0104837 -0.218746
3 134 0.0204802 -0.218077
0 157 0.141307 -0.16694
3 157 0.118684 -0.103798
0 158 0.148069 -0.169022
3 158 0.12264 -0.122234
0 159 0.148069 -0.169022
3 159 0.129585 -0.025344
0 160 0.148704 -0.041247
3 160 0.121119 -0.0737696
0 161 0.148704 -0.041247
3 161 0.114185 -0.14207
3 135 0.122552 -0.0312965
0 162 0.14983 -0.0207035
3 162 0.11041 -0.179836
0 159 0.150089 -0.0366228
0 163 0.150394 -0.152358
3 163 0.127002 -0.0906573
0 163 0.152014 -0.115002
0 164 0.15273 -0.0565406
3 164 0.122375 -0.146041
0 165 0.15699 -0.178012
3 165 0.126321 -0.211661
3 59 0.141242 -0.0120814
3 65 0.15593 -0.0136145
0 166 0.178374 -0.0652161
3 166 0.155642 -0.0650545
3 67 0.156314 -0.0384215
3 138 0.155344 -0.0854912
0 167 0.21186 0.00522537
3 167 0.200798 0.00768646
0 168 0.323811 0.0633429
3 168 0.313568 0.0848958
3 74 0.320091 0.0586348
3 76 0.341266 -0.0127192
3 77 0.347216 0.0121326
3 78 0.353785 0.00559922
3 80 0.379986 0.0951354
3 81 0.363044 -0.0685423
3 83 0.366471 -0.0820487
3 83 0.366471 -0.0820487
3 85 0.375682 -0.0673422
3 139 0.394379 -0.0965678
0 169 0.404116 -0.140579
3 169 0.396986 -0.137074
3 90 0.405286 0.0337775
3 91 0.410717 -0.146656
3 92 0.410717 -0.146656
3 93 0.410717 -0.146656
3 94 0.417026 -0.0018956
0 170 0.425375 -0.00168017
3 170 0.429296 0.0164745
3 95 0.420922 0.0762681
3 96 0.423413 0.0525829
3 98 0.437899 0.0951519
3 103 0.4438 -0.0645062
3 105 0.459133 0.0772979
3 107 0.457169 -0.000496423
3 143 0.468644 -0.0111669
3 122 0.57019 -0.125775
0 171 0.570417 -0.0308598
3 171 0.512108 -0.00372642
0 172 -0.482576 -0.152078
4 172 -0.528502 -0.155466
4 7 -0.531921 -0.181261
4 17 -0.481076 0.0791356
4 25 -0.418009 0.0120443
4 30 -0.413818 0.108731
4 31 -0.393017 0.189419
4 32 -0.393017 0.189419
0 173 -0.281819 0.175853
4 173 -0.299616 0.208116
0 174 -0.27638 0.195432
4 174 -0.296598 0.2349
0 174 -0.276139 0.195211
0 175 -0.162686 -0.150071
4 175 -0.162366 -0.219191
0 176 -0.162686 -0.150071
4 176 -0.162366 -0.219191
4 126 -0.177335 0.0180242
0 177 -0.134572 0.101577
4 177 -0.148159 0.131534
4 38 -0.131027 -0.0571882
4 39 -0.0333584 -0.0043164
4 127 -0.0251605 -0.200265
0 178 -0.0241008 -0.0254316
4 178 -0.0276737 -0.0149378
0 179 -0.0238816 0.0928561
4 179 -0.0337511 0.124857
4 40 -0.0136716 -0.00197387
4 155 -0.00986056 0.113037
4 41 0.0066754 0.00419105
4 128 0.0208314 -0.202636
0 180 0.0262217 0.111832
4 180 0.0188684 0.147976
0 181 0.0307577 0.0664704
4 181 0.0293372 0.0930334
4 129 0.0251818 0.14953
0 181 0.0342942 0.0638315
4 131 0.050646 -0.208239
0 182 0.0445385 -0.209134
4 182 0.050646 -0.208239
4 133 0.0565089 -0.202356
4 46 0.0682521 0.139608
4 47 0.118734 0.00418986
0 183 0.121004 -0.0142501
4 183 0.125423 -0.000262789
4 48 0.128801 0.00583726
0 184 0.133623 -0.00712921
4 184 0.138839 0.00656662
0 185 0.135934 0.00279741
4 185 0.141964 0.0197409
0 186 0.140934 -0.16671
4 186 0.154212 -0.167434
0 187 0.141528 -0.151299
4 187 0.155821 -0.161499
0 188 0.143782 -0.00577724
4 188 0.149509 0.00766119
0 189 0.144513 -0.183336
4 189 0.15885 -0.178629
0 190 0.144513 -0.183336
4 190 0.15885 -0.178629
4 51 0.156947 -0.103771
0 191 0.14659 -0.0888822
4 191 0.154377 -0.0580218
0 192 0.14659 -0.0888822
4 192 0.158276 -0.078685
0 193 0.147537 -0.0527152
4 193 0.155325 -0.0402352
4 159 0.161717 -0.163608
4 160 0.156433 -0.0288495
4 135 0.157519 -0.0191293
4 162 0.157348 -0.00826703
0 194 0.149852 -0.100701
4 194 0.159957 -0.0892208
0 195 0.150089 -0.0366228
4 195 0.156806 -0.0237524
4 159 0.156806 -0.0237524
4 163 0.163109 -0.105345
4 55 0.158384 0.0370977
4 56 0.159157 0.018105
0 196 0.15389 -0.0458071
4 196 0.173816 -0.137644
0 197 0.154513 0.0114228
4 197 0.16061 0.0243412
0 198 0.155423 -0.00469539
4 198 0.161326 0.00784347
0 199 0.155896 -0.0881882
4 199 0.165987 -0.0773515
4 165 0.171127 -0.172818
0 200 0.158999 -0.118344
4 200 0.171095 -0.108597
0 196 0.160303 -0.144951
0 201 0.160903 -0.071046
4 201 0.171006 -0.0598276
0 202 0.160921 -0.0948333
4 202 0.176977 -0.160204
0 203 0.162045 -0.0500145
4 203 0.170836 -0.0377495
4 58 0.170415 0.0182441
4 59 0.173382 -0.00278641
4 61 0.17329 0.0112031
4 63 0.177067 0.0254096
0 204 0.170879 0.0129008
4 204 0.177067 0.0254096
4 64 0.17759 0.066375
0 205 0.173679 -0.0205128
4 205 0.182025 -0.009214
0 206 0.176699 -0.157786
4 206 0.192783 -0.140362
4 65 0.187861 -0.0134261
4 166 0.189484 -0.027453
0 206 0.178396 -0.14441
4 67 0.190863 -0.0540394
4 52 0.192556 -0.120055
4 138 0.191178 -0.0840472
4 68 0.192374 -0.0979226
4 70 0.191533 0.0416968
0 207 0.217498 -0.229116
4 207 0.240863 -0.237306
0 208 0.225664 -0.22609
4 208 0.250459 -0.234368
4 72 0.238157 0.0292912
0 209 0.299259 -0.100723
4 209 0.321157 -0.0819648
4 168 0.33483 0.0848298
0 210 0.324937 -0.091098
4 210 0.347202 -0.0696198
4 74 0.345614 0.0631396
4 75 0.365605 -0.00373933
4 76 0.37548 -0.00219684
4 77 0.374831 0.0161463
0 211 0.356998 -0.0240717
4 211 0.377639 0.00159028
4 82 0.391076 0.102723
4 83 0.406372 -0.0652578
0 212 0.378606 -0.0901048
4 212 0.406372 -0.0652578
4 83 0.406372 -0.0652578
4 85 0.413562 -0.0520196
4 88 0.43501 -0.121981
4 139 0.433852 -0.0780977
4 89 0.437959 -0.131671
0 213 0.414511 0.0199406
4 213 0.432508 0.0454843
0 214 0.415072 0.0232072
4 214 0.436117 0.0537444
4 91 0.452 -0.124009
4 92 0.452 -0.124009
4 94 0.447478 0.0084604
0 215 0.424173 -0.015634
4 215 0.44866 0.015015
4 170 0.450202 0.035205
4 95 0.447246 0.0796514
4 96 0.447658 0.0595732
4 100 0.464183 0.0606766
4 101 0.469123 0.0513012
4 103 0.479423 -0.0480652
4 105 0.472263 0.0785198
4 106 0.490325 -0.0481975
4 107 0.48583 0.0112287
4 108 0.490834 0.0019477
4 143 0.514369 0.00539737
4 144 0.506961 0.0744276
4 109 0.525354 0.0017043
4 145 0.53107 0.0214858
4 111 0.551001 -0.0781583
4 112 0.530955 0.0744884
4 113 0.530955 0.0744884
4 114 0.548405 -0.105155
0 216 0.508495 -0.0363252
4 216 0.540796 0.00108384
4 115 0.547568 -0.0429918
4 116 0.55299 -0.0860791
4 146 0.556576 -0.0783096
4 117 0.556859 -0.0734836
4 118 0.556435 -0.0559634
0 217 0.537415 -0.00923232
4 217 0.568118 0.0301323
4 149 0.571704 0.00632784
0 218 0.540027 -0.0687506
4 218 0.576899 -0.0310772
4 150 0.582149 0.0146426
0 219 -0.564728 0.210645
5 219 -0.544067 0.272387
0 219 -0.564728 0.210645
5 0 -0.520773 0.28824
0 220 -0.544221 0.2247
5 220 -0.520773 0.28824
0 221 -0.514473 0.153733
5 221 -0.48752 0.213684
5 2 -0.495195 -0.170055
5 151 -0.489551 -0.152047
5 3 -0.493539 -0.138989
0 222 -0.50434 -0.188472
5 222 -0.485046 -0.161908
5 4 -0.48154 -0.200921
5 6 -0.453858 -0.202441
0 223 -0.471205 0.122556
5 223 -0.449216 0.171176
5 7 -0.466877 -0.199085
5 9 -0.427918 -0.15046
0 224 -0.460048 0.109031
5 224 -0.435647 0.157984
5 11 -0.434798 -0.179711
5 12 -0.434265 -0.165473
0 9 -0.452822 -0.173306
5 15 -0.404 0.0771973
5 16 -0.404 0.0771973
0 225 -0.424791 0.000762313
5 225 -0.387434 0.0480938
5 123 -0.3858 0.111152
5 19 -0.387506 -0.0323956
5 20 -0.387506 -0.0323956
0 226 -0.421465 0.112862
5 226 -0.39478 0.157416
5 22 -0.376101 0.0818616
5 23 -0.380827 0.144766
0 227 -0.402494 0.190798
5 227 -0.365902 0.24421
5 152 -0.354315 0.106559
0 228 -0.390554 0.142204
5 228 -0.361952 0.186985
0 229 -0.389368 -0.0391924
5 229 -0.35535 0.00306934
5 27 -0.349697 0.0618667
5 28 -0.340472 0.102845
5 29 -0.340472 0.102845
0 29 -0.372168 0.0610104
5 32 -0.340702 0.19967
5 153 -0.325513 0.133477
5 35 -0.303666 0.111147
5 37 -0.26815 0.16316
0 230 -0.282143 0.120337
5 230 -0.251778 0.155711
5 125 -0.175471 0.14529
5 126 -0.146589 0.0277665
0 231 -0.138845 0.0464386
5 231 -0.103887 0.0685217
5 38 -0.111795 -0.0521853
5 39 0.00624568 -0.00142155
5 127 0.0111564 -0.199458
5 40 0.0267459 -0.000372772
5 155 0.0464475 0.109118
5 41 0.0485517 0.00519527
5 128 0.0574373 -0.203546
5 42 0.0768435 0.119788
5 181 0.0828793 0.088657
5 130 0.0778007 -0.19288
5 131 0.0862393 -0.207494
5 182 0.103276 -0.20231
5 133 0.0927911 -0.20422
5 46 0.12345 0.134782
0 232 0.0975545 -0.0223613
5 232 0.141082 -0.011869
5 47 0.15891 0.00240379
0 233 0.115406 -0.236633
5 233 0.160149 -0.241473
5 183 0.164393 -0.00290926
5 186 0.103224 -0.196562
5 191 0.191195 -0.0806822
5 192 0.191195 -0.0806822
5 193 0.191221 -0.0438469
5 158 0.18612 -0.173961
5 161 0.193331 -0.0314623
5 135 0.192765 -0.020428
5 162 0.192917 -0.00960743
5 194 0.194464 -0.0960961
5 163 0.197454 -0.14942
5 163 0.198515 -0.109933
5 55 0.19629 0.0357908
5 197 0.196533 0.0232855
5 200 0.205216 -0.112645
5 196 0.206834 -0.140328
5 202 0.206126 -0.0876547
0 234 0.161801 -0.0525245
5 234 0.205793 -0.0438955
5 59 0.208339 -0.00444735
5 205 0.217536 -0.0119639
5 65 0.222991 -0.00567545
5 166 0.224198 -0.0577494
5 66 0.222648 -0.0163913
5 52 0.225773 -0.12406
5 138 0.225056 -0.0881289
5 68 0.225324 -0.101914
5 69 0.223957 -0.0305086
5 70 0.223978 0.0416593
5 71 0.238316 -0.00766723
5 207 0.261288 -0.235604
5 208 0.269161 -0.232625
5 72 0.262724 0.0296692
5 209 0.356081 -0.0918448
5 210 0.38158 -0.082678
5 74 0.382923 0.0538373
0 235 0.338197 -0.0371907
5 235 0.39504 -0.025861
5 76 0.411857 -0.0153605
5 77 0.406723 0.00732907
0 236 0.360268 -0.0179146
5 236 0.416781 -0.00441934
5 139 0.467616 -0.0938279
5 169 0.469336 -0.131146
0 237 0.413708 -0.110537
5 237 0.478922 -0.0992186
5 140 0.480211 -0.139879
5 214 0.473486 0.0377191
5 91 0.482916 -0.140147
5 91 0.482916 -0.140147
5 92 0.482916 -0.140147
5 93 0.482916 -0.140147
5 215 0.483374 -0.00227122
5 95 0.483911 0.0644681
5 96 0.483871 0.0457404
0 238 0.428887 -0.01808
5 238 0.488901 -0.00392049
5 107 0.519634 -0.00631644
5 108 0.522093 -0.0164011
5 141 0.427451 -0.177076
5 145 0.563486 -0.000142033
5 111 0.572606 -0.103039
5 114 0.574434 -0.124897
5 216 0.57152 -0.0210896
5 146 0.582527 -0.0990769
5 117 0.582339 -0.0944021
6 219 -0.524945 0.188806
6 0 -0.502219 0.201758
0 239 -0.532247 -0.119861
6 239 -0.485278 -0.145258
0 240 -0.53197 0.291967
6 240 -0.493003 0.268561
0 241 -0.529653 -0.171494
6 241 -0.486241 -0.198178
6 221 -0.469619 0.128656
6 2 -0.465941 -0.221895
6 222 -0.458211 -0.215976
0 242 -0.501544 -0.178933
6 242 -0.455561 -0.205342
6 4 -0.453855 -0.247769
6 5 -0.45135 0.163906
0 243 -0.489987 0.188155
6 243 -0.45135 0.163906
0 244 -0.487446 0.159098
6 244 -0.445241 0.137662
6 223 -0.430665 0.0994471
6 7 -0.423401 -0.238066
6 8 -0.423401 -0.238066
6 224 -0.418298 0.0857482
6 11 -0.412772 -0.229696
6 9 -0.40665 -0.199092
6 14 -0.390864 0.0118336
6 16 -0.389534 -0.00460467
6 225 -0.374475 -0.0293281
6 19 -0.378754 -0.102101
6 20 -0.378754 -0.102101
6 226 -0.380419 0.0899789
0 245 -0.419628 0.163036
6 245 -0.379328 0.141091
6 23 -0.368233 0.0765538
6 24 -0.357335 0.0305254
6 25 -0.357335 0.0305254
6 227 -0.36689 0.168586
6 152 -0.34559 0.0276392
6 228 -0.350903 0.11974
6 28 -0.33257 0.0245794
6 29 -0.33257 0.0245794
6 30 -0.329196 0.0269942
6 33 -0.322488 0.150608
6 34 -0.305942 0.0116787
6 35 -0.298654 0.0376353
0 246 -0.33822 0.0243014
6 246 -0.298561 -0.0045888
6 230 -0.244838 0.101241
6 125 -0.175503 0.0964764
6 175 -0.151216 -0.15531
0 247 -0.14477 -0.0692316
6 247 -0.126003 -0.0811973
6 231 -0.106664 0.0224484
6 177 -0.0990253 0.0786159
0 248 -0.112909 -0.226015
6 248 -0.0939838 -0.238546
0 249 -0.109228 -0.221987
6 249 -0.0901826 -0.23411
0 250 -0.0873336 -0.0642299
6 250 -0.0630384 -0.0809508
0 251 -0.0873336 -0.0642299
6 251 -0.0630384 -0.0809508
6 154 -0.041211 -0.283974
6 39 -0.00334219 -0.0332491
6 127 -0.00146352 -0.217311
6 178 0.00197645 -0.0441355
6 179 0.0101576 0.0682849
6 155 0.0307637 0.0570245
6 41 0.0355128 -0.0286255
0 252 0.00946775 -0.292292
6 252 0.0243512 -0.303848
6 156 0.0487957 0.0515528
6 128 0.0408986 -0.221842
0 253 0.0204068 -0.300347
6 253 0.034816 -0.310897
0 253 0.0204775 -0.299354
0 254 0.0218956 0.115947
6 254 0.0567153 0.0897703
6 42 0.058247 0.067607
6 180 0.0602345 0.0839276
6 181 0.0632664 0.0415781
6 129 0.0665671 0.0874328
0 255 0.0327544 -0.176673
6 255 0.0570819 -0.195835
6 130 0.0594044 -0.213725
0 256 0.0386375 -0.298047
6 256 0.0531855 -0.310832
6 131 0.0679084 -0.228298
6 132 0.070079 -0.218686
6 133 0.0737737 -0.22384
6 43 0.0909925 0.0474048
6 134 0.0836317 -0.222043
6 46 0.103298 0.0824586
0 257 0.0853999 -0.282632
6 257 0.101411 -0.297177
6 232 0.122338 -0.0454461
6 47 0.139915 -0.0308104
6 233 0.138503 -0.25253
6 183 0.145866 -0.0353083
6 48 0.150301 -0.0288615
6 185 0.0813135 0.0881196
6 186 0.163235 -0.187091
6 187 0.163944 -0.171837
6 50 0.164584 -0.195998
0 258 0.143132 -0.131842
6 258 0.16533 -0.152502
6 188 0.166845 -0.0270166
6 51 0.168398 -0.135343
0 259 0.146508 0.00427733
6 259 0.169915 -0.016621
6 191 0.168652 -0.109857
6 192 0.168652 -0.109857
6 193 0.170359 -0.0745591
6 158 0.170476 -0.189933
6 160 0.178102 -0.0673356
6 161 0.172933 -0.0628072
6 135 0.172284 -0.0520291
6 162 0.173203 -0.0415134
0 260 0.150184 -0.0474934
6 260 0.175299 -0.0700807
6 136 0.17483 -0.0345119
6 163 0.175303 -0.13657
6 54 0.176269 -0.0484366
6 164 0.176825 -0.0787504
6 55 0.177433 0.000961381
0 261 0.153091 0.068482
6 261 0.179747 0.045964
6 56 0.176873 -0.0160459
0 262 0.15389 -0.0458071
6 262 0.178102 -0.0673356
0 263 0.154979 -0.218165
6 263 0.176299 -0.238476
6 165 0.178718 -0.198891
6 137 0.179747 -0.184295
0 264 0.158447 -0.11179
6 264 0.181328 -0.134251
0 265 0.158934 -0.103889
6 265 0.181062 -0.124787
6 202 0.183002 -0.115493
6 234 0.184385 -0.0742721
0 266 0.163672 -0.0412929
6 266 0.186766 -0.0621783
6 58 0.187701 -0.0152266
6 59 0.187614 -0.0355281
6 60 0.19161 -0.0226765
6 204 0.194496 -0.00904012
6 206 0.198514 -0.177966
6 65 0.201025 -0.0353792
6 166 0.201084 -0.0862303
6 66 0.201182 -0.046631
6 67 0.201477 -0.069464
6 138 0.200705 -0.116025
6 68 0.201014 -0.128177
6 69 0.202292 -0.0603856
0 267 0.182139 -0.210982
6 267 0.200846 -0.233569
6 70 0.207131 0.00917425
6 167 0.232837 -0.0149824
6 207 0.234177 -0.247174
0 268 0.221887 -0.220098
6 268 0.240014 -0.235768
6 208 0.241804 -0.243926
6 72 0.245121 0.00217177
6 168 0.34799 0.0396097
6 210 0.34862 -0.115315
6 74 0.355649 0.0163928
6 77 0.378157 -0.025188
0 269 0.360268 -0.0179146
6 269 0.384366 -0.0446287
6 82 0.401694 0.0467397
6 83 0.401881 -0.117114
6 212 0.401881 -0.117114
6 84 0.405066 -0.187627
6 85 0.408436 -0.105613
0 84 0.38579 -0.164927
0 270 0.400775 -0.17689
6 270 0.41943 -0.20152
6 169 0.437315 -0.191016
0 271 0.40696 -0.149088
6 271 0.429031 -0.176932
6 140 0.436769 -0.178294
6 213 0.43591 -0.00499908
6 90 0.439304 -0.0136863
6 214 0.439185 -0.00517278
6 91 0.438598 -0.177359
6 91 0.438598 -0.177359
6 92 0.438598 -0.177359
6 93 0.438598 -0.177359
6 94 0.444673 -0.0502914
6 215 0.447701 -0.0442099
6 170 0.447251 -0.0283647
6 98 0.464907 0.0436113
6 100 0.46492 0.00592262
6 101 0.467756 -0.00192126
6 105 0.474458 0.0247859
6 106 0.451643 -0.0472403
6 107 0.481243 -0.0495166
6 108 0.483258 -0.0598795
6 143 0.505834 -0.0593585
6 144 0.51272 0.014824
6 109 0.516548 -0.0630986
6 110 0.520544 0.0425707
6 145 0.524035 -0.0460002
0 272 0.50184 -0.0152237
6 272 0.524035 -0.0460002
6 114 0.527195 -0.16651
6 216 0.529949 -0.0670311
0 273 0.516078 -0.0841738
6 273 0.534926 -0.113941
6 117 0.537108 -0.13671
6 149 0.559174 -0.0633561
6 150 0.570116 -0.0570736
6 121 0.548817 -0.099463
6 122 0.58156 -0.162798
0 122 0.568071 -0.145728
7 219 -0.557479 0.15417
7 0 -0.535285 0.165733
7 220 -0.529813 0.234692
7 1 -0.52645 0.15916
0 274 -0.53392 0.0484775
7 274 -0.517315 -0.0193436
7 239 -0.510279 -0.177465
7 240 -0.529813 0.234692
7 241 -0.502707 -0.23184
7 221 -0.503578 0.0907981
7 2 -0.485227 -0.255764
7 151 -0.480742 -0.237312
7 242 -0.473435 -0.237643
7 4 -0.47331 -0.280189
7 172 -0.453561 -0.161314
7 6 -0.447943 -0.281227
7 7 -0.444096 -0.269754
7 8 -0.444096 -0.269754
7 224 -0.445009 0.0557098
7 11 -0.432014 -0.261686
7 12 -0.432182 -0.243086
7 9 -0.427603 -0.227909
7 16 -0.423888 -0.0445205
7 123 -0.411177 -0.0120264
7 22 -0.395931 -0.0374691
7 23 -0.394429 0.0496506
7 24 -0.394172 -0.00594715
7 25 -0.394172 -0.00594715
7 152 -0.380361 -0.00950155
7 26 -0.380361 -0.00950155
7 27 -0.373906 -0.0518173
7 28 -0.364625 -0.00922915
7 29 -0.366174 -0.010604
7 30 -0.364625 -0.00922915
7 33 -0.348403 0.125096
7 34 -0.34085 -0.0227636
7 173 -0.267478 0.127871
7 176 -0.137339 -0.118857
7 126 -0.133637 -0.000735893
7 247 -0.119685 -0.0769358
7 38 -0.100917 -0.0673029
7 249 -0.0839002 -0.230923
7 39 -0.00867375 -0.0370615
7 178 -0.00287647 -0.0501576
7 179 -0.0052068 0.0568992
7 40 0.0104462 -0.0373184
7 41 0.0310905 -0.0328935
7 128 0.0382174 -0.227996
7 254 0.0412054 0.0787774
7 42 0.0460239 0.0575035
7 181 0.0570533 0.0284777
7 130 0.0570401 -0.22083
7 256 0.0631137 -0.305127
7 182 0.0660347 -0.234978
7 134 0.0815595 -0.229276
7 47 0.139307 -0.0333683
7 233 0.140896 -0.254604
7 183 0.146339 -0.0375469
7 186 0.164295 -0.195522
7 187 0.166084 -0.169246
7 258 0.166986 -0.157173
0 275 0.143492 -0.0687971
7 275 0.168913 -0.0941122
7 189 0.171324 -0.193411
7 159 0.174021 -0.179581
7 161 0.174771 -0.0655372
7 135 0.175148 -0.0547478
7 162 0.175287 -0.0436001
7 159 0.176698 -0.0612035
7 260 0.1757 -0.0715133
7 53 0.174021 -0.179581
7 136 0.177115 -0.0361235
7 163 0.175397 -0.161248
7 54 0.1786 -0.0505922
7 55 0.182284 0.000366377
7 197 0.181383 -0.00952714
7 165 0.180923 -0.20538
7 137 0.184271 -0.167093
0 276 0.159174 0.00314651
7 276 0.186634 -0.0180529
7 234 0.187637 -0.0767886
7 58 0.191805 -0.0154523
7 59 0.19207 -0.0365516
7 60 0.194816 -0.022316
7 204 0.198564 -0.00763158
7 205 0.20078 -0.0420227
7 206 0.20127 -0.183787
7 65 0.206045 -0.0354252
7 166 0.205367 -0.089097
7 66 0.205744 -0.0471601
7 67 0.206207 -0.0712016
7 52 0.204562 -0.131805
7 138 0.204993 -0.118984
7 69 0.206327 -0.0619694
7 267 0.206723 -0.229405
7 70 0.215092 0.012213
7 207 0.243053 -0.247784
7 208 0.251139 -0.244893
7 72 0.258348 0.00892626
7 73 0.36418 0.0434768
7 74 0.368945 0.0191225
7 83 0.411139 -0.126689
7 83 0.411139 -0.126689
7 212 0.411139 -0.126689
7 83 0.411139 -0.126689
7 84 0.414539 -0.196861
7 85 0.418941 -0.114273
7 88 0.435872 -0.180903
0 277 0.401549 0.0645623
7 277 0.439018 0.0396455
7 139 0.435456 -0.14399
7 90 0.45377 -0.0181826
7 214 0.454246 -0.00840943
7 91 0.448028 -0.190964
7 94 0.459864 -0.0558936
7 215 0.463074 -0.0496069
7 170 0.465204 -0.0295686
7 96 0.46927 0.00323799
7 100 0.485942 0.00871511
7 104 0.493939 0.0388799
7 105 0.497593 0.0264589
7 106 0.494291 -0.117389
7 107 0.498078 -0.0557107
7 108 0.500714 -0.0667034
0 278 0.46203 -0.0311733
7 278 0.500714 -0.0667034
7 143 0.522626 -0.0668429
7 109 0.537089 -0.0708545
7 145 0.543383 -0.0531442
7 112 0.552468 0.0142654
7 113 0.552468 0.0142654
7 216 0.549502 -0.0749651
7 115 0.548418 -0.12116
7 146 0.552849 -0.15478
7 117 0.554055 -0.149748
7 147 0.558157 -0.142105
7 149 0.579597 -0.0724586
8 222 -0.562011 -0.235835
8 4 -0.555583 -0.265979
8 6 -0.53194 -0.266848
8 7 -0.52644 -0.257075
8 8 -0.52644 -0.257075
8 9 -0.403615 -0.109668
8 224 -0.530787 0.0615592
8 11 -0.516409 -0.247902
8 14 -0.523295 -0.0221126
8 15 -0.524171 -0.0409222
8 16 -0.524171 -0.0409222
8 123 -0.509768 -0.00913264
0 279 -0.408614 -0.111588
8 279 -0.485605 -0.171925
8 24 -0.492962 -0.00326567
8 25 -0.492962 -0.00326567
8 152 -0.479106 -0.00547878
8 26 -0.479106 -0.00547878
8 27 -0.472854 -0.0472897
8 28 -0.467005 -0.00879607
8 29 -0.467005 -0.00879607
8 35 -0.42529 0.00902989
8 246 -0.413133 -0.0281599
8 249 -0.130388 -0.213862
8 178 -0.0639594 -0.0367748
8 40 -0.0509192 -0.0239148
8 41 -0.0308852 -0.0197635
8 128 -0.0233384 -0.214307
8 254 -0.0381996 0.0890335
8 180 -0.0339482 0.0840112
8 181 -0.022348 0.0438184
8 130 -0.00511035 -0.206543
8 256 0.0211082 -0.286318
8 182 0.00384413 -0.221426
8 132 0.00599309 -0.211789
8 134 0.019429 -0.216489
8 46 0.0185268 0.0853337
8 47 0.0798926 -0.0196228
0 280 0.115836 -0.00352455
8 280 0.0802503 -0.013228
8 49 0.105563 -0.162712
8 194 0.119409 -0.111921
8 57 0.130179 -0.0955619
8 58 0.136181 -0.00157961
8 59 0.144894 -0.0148512
8 62 0.136955 -0.0792261
8 65 0.151097 -0.0219803
8 166 0.148401 -0.0761242
8 206 0.144587 -0.156743
8 66 0.150017 -0.0338527
8 68 0.146693 -0.120003
8 69 0.150189 -0.0495614
8 70 0.163235 0.0278882
8 71 0.174224 -0.0196869
8 207 0.192047 -0.233503
8 268 0.197103 -0.224454
8 208 0.200141 -0.231707
8 74 0.314861 0.0334667
8 212 0.34849 -0.116972
8 83 0.34849 -0.116972
8 88 0.367374 -0.179832
8 169 0.371256 -0.173935
8 90 0.396793 -0.00725616
8 214 0.397783 0.00287097
8 91 0.383144 -0.184352
8 91 0.383144 -0.184352
8 92 0.383144 -0.184352
8 93 0.383144 -0.184352
8 97 0.401147 -0.180299
8 105 0.450281 0.0404757
8 106 0.433081 -0.113436
8 107 0.441554 -0.0465082
8 108 0.445704 -0.0583144
8 142 0.464902 -0.0586378
8 143 0.464902 -0.0586378
8 109 0.483775 -0.0619204
8 145 0.487945 -0.0441985
8 112 0.505731 0.0266912
8 113 0.505731 0.0266912
8 146 0.495896 -0.149593
8 117 0.497238 -0.144397
0 281 0.523976 -0.068633
8 281 0.508291 -0.102753
8 148 0.526801 -0.0386361
8 217 0.526946 -0.0402771
8 149 0.525144 -0.0666011
8 150 0.537381 -0.0598976
0 282 0.556228 0.0783506
8 282 0.564427 0.0636706
8 121 0.539658 -0.18419
8 121 0.539658 -0.18419
8 122 0.542844 -0.175893
0 283 0.566632 0.0752621
8 283 0.574458 0.0597545
9 4 -0.552058 -0.264041
9 6 -0.530097 -0.264681
9 7 -0.524539 -0.255876
9 8 -0.524539 -0.255876
9 9 -0.521086 -0.226285
9 11 -0.514644 -0.247204
9 15 -0.530386 -0.0522549
9 16 -0.530386 -0.0522549
9 123 -0.516157 -0.0208666
9 33 -0.480832 0.127577
9 127 -0.0568209 -0.211013
9 39 -0.0608406 -0.0268945
9 40 -0.0426535 -0.0280149
9 41 -0.0233236 -0.0242188
9 280 0.100868 -0.0172346
9 184 0.107781 0.0561407
0 284 0.143681 -0.160589
9 284 0.115573 -0.156767
9 260 0.135201 -0.0672268
9 165 0.132325 -0.178354
9 264 0.128784 -0.0713011
9 201 0.141391 -0.0677775
9 234 0.150279 -0.0627482
9 166 0.163175 -0.0570039
9 70 0.180529 0.0235667
9 71 0.186673 -0.0311718
0 285 0.380824 -0.181905
9 285 0.347281 -0.221741
9 88 0.369586 -0.233385
9 169 0.378088 -0.21423
9 215 0.43621 -0.000586048
9 170 0.421389 -0.153834
9 107 0.459874 -0.0661835
9 148 0.56237 0.0439093
10 151 -0.532244 -0.0374923
10 20 -0.304057 0.0796982
10 130 -0.0275637 -0.204186
10 131 -0.0194575 -0.22092
10 182 -0.0194575 -0.22092
10 132 -0.0183539 -0.21224
10 133 -0.0131368 -0.216063
10 134 -0.00419437 -0.218057
10 47 -0.53862 -0.210705
0 286 0.145778 -0.139036
10 286 0.117241 -0.093675
10 62 0.135089 -0.0362432
10 166 0.135066 -0.0525171
10 73 -0.562097 0.0718134
10 285 0.312718 -0.217488
10 84 0.321129 -0.20371
10 89 0.340676 -0.210981
10 271 0.356569 -0.215927
10 91 0.356211 -0.206314
10 91 0.356211 -0.206314
10 92 0.356211 -0.206314
10 93 0.356211 -0.206314
10 97 0.374281 -0.20401
10 107 0.428253 -0.0607693
10 142 0.44252 -0.0672907
10 145 0.47359 -0.0614228
10 272 0.47359 -0.0614228
10 112 0.504751 0.0167335
10 113 0.504751 0.0167335
10 216 0.476733 -0.087983
10 148 0.515865 -0.0571826
10 217 0.515748 -0.0594277
10 282 0.569846 0.0552259
10 283 0.581151 0.0515999
11 227 -0.00232823 -0.211195
11 248 0.113303 -0.141611
11 186 -0.528686 -0.184801
11 49 0.265909 -0.109563
11 163 0.426808 -0.110856
11 68 0.133176 -0.101026
0 287 0.294898 -0.14301
11 287 -0.538698 -0.215569
11 81 0.343574 -0.0880133
11 83 0.348964 -0.102602
11 85 0.358331 -0.0874645
11 89 0.370831 -0.182949
11 140 0.565573 -0.178137
11 91 0.386862 -0.177024
11 91 0.386862 -0.177024
11 92 0.386862 -0.177024
11 93 0.386862 -0.177024
11 94 0.411304 -0.0212386
11 97 0.406046 -0.173156
11 99 0.422381 -0.113525
11 100 0.456355 0.0568564
11 103 0.428454 -0.0945524
11 108 0.475727 -0.0283285
11 142 0.48014 -0.0359678
11 110 0.531468 0.0992076
11 145 0.505905 -0.0165306
11 112 0.536907 0.0629171
11 146 0.516009 -0.137987
11 117 0.518461 -0.131931
11 217 0.549782 -0.0117825
11 150 0.563118 -0.0329498
0 288 0.551241 -0.141565
11 288 0.554019 -0.173195
1 289 -0.552728 -0.20814
2 289 -0.553194 -0.19857
2 4 -0.55927 -0.210163
1 290 -0.532763 -0.198528
2 290 -0.562714 -0.187692
2 7 -0.553194 -0.19857
2 9 -0.545966 -0.166624
2 11 -0.540902 -0.191794
1 112 -0.506097 0.0857864
2 12 -0.536806 -0.175666
1 291 -0.501378 -0.174538
2 291 -0.533924 -0.163083
2 13 -0.540651 0.020343
2 15 -0.536034 0.0303551
2 17 -0.536209 0.00929043
1 136 -0.492499 -0.166124
2 19 -0.51966 -0.0760178
1 19 -0.479871 -0.0825279
1 292 -0.473421 -0.00391782
2 292 -0.516676 0.00467977
1 292 -0.473223 -0.0034323
2 21 -0.515636 0.00966179
1 21 -0.472127 0.00194817
2 18 -0.498439 -0.131516
1 293 -0.444275 0.0109116
2 293 -0.485913 0.0179873
1 294 -0.443352 0.179512
2 294 -0.473117 0.181876
2 28 -0.479222 0.0542652
2 29 -0.479222 0.0542652
2 34 -0.440923 0.04001
1 295 -0.380946 0.0167299
2 295 -0.415767 0.0213183
1 124 -0.238592 -0.100764
1 296 -0.161293 -0.160027
2 296 -0.166703 -0.154664
1 297 -0.109592 -0.236552
2 297 -0.114864 -0.233191
1 298 -0.0536393 -0.227605
2 298 -0.0608257 -0.224931
1 299 -0.047877 -0.147736
2 299 -0.0576955 -0.136996
1 127 -0.0409923 -0.211201
1 128 0.00166138 -0.215778
1 300 0.0173152 0.11317
2 300 -0.0443062 0.127442
1 301 0.0242624 -0.316928
2 301 0.0220133 -0.313084
1 301 0.0248049 -0.316226
1 132 0.0310901 -0.211588
1 133 0.0356734 -0.216799
1 302 0.0399972 -0.315202
2 302 0.0384068 -0.312751
1 303 0.046 0.105633
2 303 0.032442 0.113732
1 304 0.0468304 -0.20924
2 304 0.0296084 -0.204435
1 305 0.0468304 -0.20924
2 305 0.0296084 -0.204435
2 44 0.127911 -0.0710308
2 46 0.0563583 0.107587
1 306 0.106802 -0.252768
2 306 0.0887513 -0.251355
2 48 0.0983509 -0.00275171
1 307 0.115542 -0.00790335
2 307 0.0996692 0.00280563
1 308 0.126673 -0.0121669
2 308 0.110396 -0.00127121
1 309 0.131886 -0.0071106
2 309 0.12111 0.00640016
2 49 0.117095 -0.153468
1 309 0.135299 -0.00497605
1 310 0.135689 -0.145253
2 310 0.11915 -0.138023
1 311 0.136728 -0.0186674
2 311 0.118952 -0.00694989
2 51 0.120922 -0.116393
1 312 0.140433 -0.110916
2 312 0.141172 -0.0996552
1 313 0.140433 -0.110916
2 313 0.124972 -0.101887
1 314 0.141884 -0.000545915
2 314 0.117192 0.010391
1 315 0.142005 -0.0489211
2 315 0.555484 -0.0623726
1 44 0.142943 -0.0813519
1 316 0.142972 -0.148367
2 316 0.127361 -0.14243
1 317 0.143676 -0.0716218
2 317 0.127756 -0.0634556
1 318 0.144142 0.0712677
2 318 0.126787 0.0843735
1 319 0.145324 -0.0281729
2 319 0.132077 -0.017916
1 137 0.148153 -0.201026
2 55 0.135393 0.026377
1 320 0.150462 -0.0472259
2 320 0.13758 -0.0353284
1 321 0.152197 -0.0156967
2 321 0.138661 -0.00517559
1 138 0.152283 -0.114689
1 322 0.156051 -0.057238
2 322 0.130174 -0.050482
1 323 0.159226 -0.0793533
2 323 0.144681 -0.0696507
2 60 0.148372 0.00415253
2 59 0.1499 -0.00991556
1 324 0.169158 0.00407116
2 324 0.156721 0.0162642
1 325 0.169503 -0.0144327
2 325 0.156942 -0.0032203
1 326 0.17446 0.042482
2 326 0.162174 0.0553264
1 327 0.179786 -0.0143006
2 327 0.168249 -0.00326632
1 328 0.182279 -0.184138
2 328 0.170461 -0.180499
2 70 0.175458 0.038626
1 329 0.191355 -0.0109421
2 329 0.179721 -0.000198753
1 330 0.222917 -0.246466
2 330 0.229467 -0.241858
1 331 0.225287 -0.242628
2 331 0.219709 -0.241175
1 330 0.232702 -0.244507
1 332 0.301568 -0.109297
2 332 0.288498 -0.0997854
1 333 0.314413 -0.102174
2 333 0.301358 -0.0925125
1 334 0.347857 -0.0342022
2 334 0.336993 -0.021089
2 77 0.360405 0.0117366
1 335 0.369819 -0.0201904
2 335 0.359255 -0.0062219
1 336 0.381231 -0.00322019
2 336 0.371501 0.0118707
1 337 0.38468 0.0755025
2 337 0.376651 0.0937742
1 338 0.396325 -0.109902
2 338 0.384441 -0.0994839
2 88 0.392452 -0.151793
1 339 0.410742 -0.196173
2 339 0.401864 -0.188841
1 340 0.415053 0.0629456
2 340 0.412271 0.0785341
1 341 0.416941 -0.200219
2 341 0.411681 -0.195279
1 342 0.418275 -0.17853
2 342 0.397811 -0.168683
2 90 0.414034 0.0291936
1 343 0.432261 -0.0185466
2 343 0.42609 -0.00129043
1 344 0.44193 -0.107718
2 344 0.433121 -0.0973647
1 345 0.445719 0.0171995
2 345 0.444166 0.0334697
1 346 0.447991 0.0365313
2 346 0.443957 0.0547549
2 119 0.453005 -0.0741019
1 347 0.461512 -0.0945404
2 347 0.454007 -0.0832162
1 102 0.462653 -0.178086
1 348 0.466542 -0.0944073
2 348 0.458867 -0.082975
2 105 0.469426 0.0704426
1 349 0.473989 -0.0436646
2 349 0.468604 -0.0293219
1 144 0.502613 0.0452272
1 39 0.508712 -0.0474465
1 143 0.512991 -0.0371312
1 145 0.515167 -0.0177671
2 111 0.511617 -0.123144
1 350 0.51999 -0.0911074
2 350 0.515612 -0.0788581
1 351 0.522443 0.0715018
2 351 0.524633 0.0921913
1 352 0.526695 -0.126865
2 352 0.523905 -0.11718
1 353 0.527016 -0.013886
2 353 0.525198 0.00306882
1 354 0.542472 -0.104014
2 354 0.54124 -0.0916614
1 355 0.544443 -0.0760126
2 355 0.543386 -0.0627433
1 356 0.547286 -0.0693678
2 356 0.54521 -0.0551625
1 357 0.547453 -0.076805
2 357 0.547263 -0.0640385
1 358 0.550257 -0.0283244
2 358 0.553851 -0.0126646
1 148 0.553534 -0.00895155
1 149 0.554302 -0.0364239
1 359 0.555491 -0.0656846
2 359 0.554559 -0.050504
1 315 0.555617 -0.0762936
1 360 0.555617 -0.0762936
2 360 0.555484 -0.0623726
1 361 0.55971 -0.0401825
2 361 0.561248 -0.0244303
1 362 0.561649 -0.184693
2 362 0.569081 -0.18146
2 120 0.566346 0.0439331
1 363 0.56285 0.0769623
2 363 0.551708 0.0968007
1 150 0.566299 -0.0283567
3 13 -0.566408 0.0274415
3 14 -0.558631 0.0587344
3 17 -0.561725 0.0150611
3 293 -0.508708 0.0238167
1 28 -0.433363 0.0495127
3 27 -0.48793 0.0207239
3 34 -0.461592 0.0457105
3 35 -0.454715 0.072641
3 295 -0.438096 0.0251307
1 364 -0.338869 0.096939
3 364 -0.391771 0.102685
3 38 -0.150286 -0.0649699
1 365 -0.120411 -0.218776
3 365 -0.129538 -0.251749
1 154 -0.0875006 -0.26927
3 298 -0.0754886 -0.238298
3 41 -0.0360853 -0.00999461
3 300 -0.0255138 0.131177
3 304 0.0224167 -0.212169
3 305 0.0224167 -0.212169
1 366 0.063928 0.0984028
3 366 0.0246089 0.116048
3 46 0.046656 0.110826
3 306 0.0871628 -0.254807
3 48 0.0896261 -0.00470729
3 307 0.0902373 0.0009968
3 308 0.101588 -0.00312772
3 309 0.112207 0.00469135
3 311 0.11071 -0.00876462
3 51 0.115457 -0.119359
1 367 0.141194 -0.000953321
3 367 0.120235 0.0112395
1 368 0.141262 -0.100153
3 368 0.119813 -0.0927515
3 44 0.121119 -0.0737696
3 317 0.120837 -0.0653432
1 165 0.144756 -0.21181
1 369 0.144896 -0.0395535
3 369 0.122552 -0.0312965
3 319 0.123761 -0.0197819
3 55 0.125384 0.0264317
1 370 0.149381 -0.0802008
3 370 0.127609 -0.0700777
1 370 0.15102 -0.0727226
3 321 0.130192 -0.007095
1 371 0.154702 -0.079529
3 371 0.134358 -0.0727181
3 57 0.137144 -0.0851315
3 323 0.138063 -0.0720959
3 60 0.13929 0.00209492
1 372 0.161351 -0.0690557
3 372 0.14112 -0.0611206
3 59 0.141409 -0.0120118
1 373 0.164811 -0.0524974
3 373 0.143431 -0.0444813
3 324 0.147649 0.0148513
3 325 0.148613 -0.00514232
3 68 0.155741 -0.111425
1 138 0.174397 -0.0926928
3 328 0.16729 -0.187161
3 70 0.165553 0.0364334
3 329 0.171718 -0.00217255
3 330 0.215472 -0.251102
3 331 0.21701 -0.249712
3 330 0.227535 -0.249035
3 72 0.238264 0.0163466
3 332 0.285615 -0.0965003
3 333 0.298363 -0.0883673
1 374 0.361819 -0.0208811
3 374 0.346178 -0.00145507
3 335 0.354294 0.000534538
3 81 0.356888 -0.0696501
3 336 0.365331 0.0177875
1 375 0.392693 0.0686824
3 375 0.410179 0.0756058
3 338 0.384351 -0.091357
1 169 0.406969 -0.153589
3 340 0.404872 0.0855805
3 342 0.409409 -0.162396
1 376 0.422108 0.0217454
3 376 0.407633 0.0470556
3 343 0.420486 0.0068991
3 346 0.436447 0.0631446
3 100 0.446628 0.0594455
1 377 0.457112 -0.0982952
3 377 0.448161 -0.0761554
3 119 0.45147 -0.0636414
3 347 0.453021 -0.07179
3 106 0.457286 -0.0628483
3 348 0.458163 -0.0708592
1 378 0.471973 -0.151661
3 378 0.470048 -0.132266
3 108 0.468644 -0.0111669
3 143 0.507701 -0.0103157
3 109 0.507701 -0.0103157
3 145 0.507234 0.011636
3 111 0.512452 -0.110197
3 350 0.514986 -0.0651023
3 114 0.517664 -0.128033
3 115 0.519893 -0.0607822
3 116 0.524759 -0.106678
3 117 0.530654 -0.0925555
3 357 0.545157 -0.049902
1 379 0.553464 -0.0107721
3 379 0.547529 0.0212554
3 149 0.549972 -0.00606844
3 359 0.55229 -0.035468
3 315 0.553468 -0.0474987
3 360 0.553468 -0.0474987
3 361 0.556932 -0.0106355
1 156 0.561403 -0.00731589
3 150 0.562336 0.00381509
4 15 -0.476436 0.0882001
4 16 -0.476436 0.0882001
4 14 -0.474747 0.107852
4 19 -0.453754 -0.0217358
4 20 -0.458057 -0.031291
4 293 -0.422157 0.0732755
4 28 -0.413818 0.108731
4 27 -0.399795 0.0648797
4 35 -0.370872 0.114838
1 380 -0.218189 0.114665
4 380 -0.219873 0.138061
1 381 -0.0712942 -0.0166032
4 381 -0.0624362 0.000365142
4 298 -0.0527681 -0.230033
1 382 -0.0156053 -0.0257702
4 382 -0.00323911 -0.00724245
4 300 0.0416118 0.14951
4 301 0.329829 -0.104319
1 182 0.029701 -0.222552
4 305 0.0674911 -0.195504
1 383 0.0477646 0.0651049
4 383 0.0684119 0.0953471
4 46 0.102909 0.124087
1 384 0.100982 0.047195
4 384 0.117544 0.0725724
4 306 0.126874 -0.243632
1 183 0.111507 -0.0196322
4 309 0.146552 0.0132219
1 191 0.140727 -0.0786036
1 385 0.142972 -0.148367
4 385 0.163317 -0.128395
4 165 0.167722 -0.193057
4 325 0.181546 0.00325085
1 206 0.172892 -0.156661
4 138 0.191065 -0.0724834
4 327 0.192345 0.00567509
4 331 0.240573 -0.235781
1 386 0.296579 -0.111105
4 386 0.44866 0.015015
4 333 0.338408 -0.0722538
1 387 0.365208 -0.088427
4 387 0.393845 -0.0545311
4 335 0.388106 0.0107887
1 388 0.388088 -0.0861928
4 388 0.413562 -0.0520196
4 169 0.438053 -0.115777
4 87 0.420981 0.0856687
1 389 0.441723 -0.019943
4 389 0.436188 -0.00617234
4 344 0.46142 -0.0723323
4 99 0.482262 -0.059058
4 347 0.486992 -0.0546549
1 101 0.462289 0.0233392
4 349 0.421813 -0.0645584
1 390 0.515715 -0.0452468
4 390 0.527709 -0.0071994
4 111 0.542161 -0.088928
4 118 0.552317 -0.0563135
1 391 0.544443 -0.0760126
4 391 0.564459 -0.0337077
4 355 0.564459 -0.0337077
4 359 0.576016 -0.0205781
4 315 0.576899 -0.0310772
4 360 0.576899 -0.0310772
1 392 -0.552728 -0.20814
5 392 -0.485672 -0.184827
5 289 -0.485672 -0.184827
1 7 -0.536016 -0.221029
1 393 -0.536016 -0.221029
5 393 -0.466877 -0.199085
5 290 -0.465239 -0.173628
5 297 -0.10776 -0.24597
5 381 -0.0211452 0.00474435
5 382 0.0372488 -0.00642523
5 304 0.103224 -0.196562
5 305 0.103224 -0.196562
1 40 0.102206 -0.00331531
5 165 0.199354 -0.196006
5 322 0.224992 -0.0402108
1 394 0.160918 0.0534814
5 394 0.574298 0.0836206
5 326 0.518747 0.0738833
5 327 0.226211 0.00267091
1 71 0.196303 -0.0254399
5 333 0.373277 -0.0831822
5 374 0.416781 -0.00441934
5 335 0.424755 -0.00270595
5 338 0.45837 -0.087868
5 342 0.482416 -0.154775
5 86 0.475314 0.067293
5 377 0.519292 -0.0724357
5 349 0.526823 -0.0251119
5 352 0.578421 -0.104054
5 353 0.575018 0.00369267
5 120 0.217824 -0.026016
5 150 0.419177 -0.0667604
6 392 -0.459449 -0.236516
6 289 -0.459449 -0.236516
6 7 -0.442443 -0.247694
6 393 -0.442443 -0.247694
1 395 -0.532763 -0.198528
6 395 -0.440182 -0.225722
6 290 -0.440182 -0.225722
6 6 -0.429139 -0.249683
6 381 -0.0291876 -0.0277982
6 382 0.0253733 -0.0387319
6 303 0.0566976 0.0928499
6 366 0.101029 0.0814017
6 384 0.142629 0.0281803
1 396 0.152846 0.0659179
6 396 0.185881 0.0468594
1 206 0.171378 -0.169869
6 335 0.390619 -0.0429109
6 336 0.401043 -0.0274711
6 377 0.475856 -0.115272
6 349 0.482565 -0.0666802
6 143 0.516548 -0.0630986
6 352 0.533074 -0.144799
6 353 0.534984 -0.0429224
6 355 -0.428039 0.073706
6 363 0.561202 0.0422413
7 392 -0.477045 -0.269265
7 289 -0.477045 -0.269265
7 7 -0.460908 -0.280188
7 395 -0.459187 -0.257881
7 290 -0.459187 -0.257881
7 136 -0.421668 -0.218243
1 397 -0.480683 -0.184405
7 397 -0.410667 -0.237647
1 398 -0.38455 0.0932292
7 398 -0.346945 0.0415418
1 399 -0.317015 0.0840373
7 399 -0.276388 0.0579367
7 380 -0.183757 0.0906289
7 382 0.0208724 -0.043059
7 45 0.0968971 -0.0798735
7 183 0.146339 -0.0375469
7 309 0.176562 -0.141613
1 189 0.139273 -0.178877
1 161 0.142005 -0.0489211
1 159 0.148326 -0.0971326
7 370 0.178783 -0.108048
7 396 0.187487 0.0474511
1 137 0.153366 -0.12687
1 400 0.168985 -0.0023492
7 400 0.200619 -0.018403
1 401 0.169503 -0.0144327
7 401 0.200532 -0.0298959
7 71 0.227355 -0.0317831
7 375 0.432555 0.0378056
7 344 0.463219 -0.140828
7 348 0.489148 -0.13116
7 390 0.54293 -0.0806989
7 351 0.561 0.0422033
7 356 0.571958 -0.105741
7 357 0.57048 -0.110919
1 402 0.547453 -0.076805
7 402 0.57048 -0.110919
7 315 0.577691 -0.112073
7 362 0.574241 -0.206204
8 17 -0.519818 -0.0604422
8 19 -0.505771 -0.136207
8 20 -0.505771 -0.136207
8 23 -0.479615 0.0563852
8 294 -0.487699 0.14205
8 27 -0.45014 -0.0437412
8 34 -0.434792 -0.0166394
8 398 -0.420746 0.0628868
8 399 -0.352173 0.0471942
8 380 -0.245399 0.10583
8 39 -0.0697989 -0.0236234
8 382 -0.0409101 -0.0296674
8 300 -0.00967293 0.0890913
8 304 0.0226564 -0.207685
8 305 0.0226564 -0.207685
8 183 0.0867518 -0.0236354
8 307 0.091235 -0.0113494
8 310 0.108448 -0.147802
8 311 0.11133 -0.0219409
1 403 0.137287 -0.0108122
8 403 0.113565 -0.0135228
8 189 0.115216 -0.149578
8 312 0.114027 -0.116482
8 191 0.113329 -0.107294
8 314 0.121679 -0.00594448
8 161 0.116932 -0.0765151
8 44 0.119568 -0.0428262
8 385 0.116736 -0.129498
8 317 0.117195 -0.0762826
8 165 0.122489 -0.179523
8 319 0.119805 -0.0311191
1 404 0.146292 -0.109998
8 404 0.119342 -0.114153
8 137 0.125877 -0.125129
1 405 0.148326 -0.0971326
8 405 0.121832 -0.101089
8 159 0.126876 -0.0367222
8 370 0.125168 -0.0598429
1 370 0.149381 -0.0802008
8 320 0.125069 -0.0498165
8 370 0.125069 -0.0498165
1 406 0.151439 -0.035024
8 406 0.126876 -0.0367222
8 371 0.128293 -0.0839557
8 322 0.130387 -0.0610822
8 323 0.133053 -0.0834532
1 323 0.160825 -0.0496321
8 372 0.135169 -0.0741916
8 373 0.139385 -0.0555067
1 407 0.16718 0.00836853
8 407 0.14502 0.0088635
8 324 0.145353 0.00372907
8 206 0.142447 -0.171579
8 328 0.153637 -0.176675
8 71 0.174224 -0.0196869
1 408 0.292665 -0.0835757
8 408 0.265231 -0.0989091
8 335 0.343305 -0.0365481
8 375 0.371905 0.0553097
8 338 0.363795 -0.130049
1 409 0.429079 -0.0148534
8 409 0.401572 -0.0357295
8 343 0.405958 -0.0384214
1 410 0.442017 -0.00889629
8 410 0.416673 -0.0216697
8 346 0.424723 0.0215923
8 100 0.434729 0.0227481
8 104 0.45009 0.0536934
8 39 0.478665 -0.074864
8 143 0.483775 -0.0619204
8 353 0.500415 -0.0416946
8 354 0.508273 -0.131754
8 391 0.511118 -0.103557
8 356 0.515488 -0.0992977
8 357 0.515403 -0.105244
8 402 0.515403 -0.105244
8 360 0.523207 -0.106817
1 411 -0.5172 -0.0310075
9 411 -0.545295 -0.0989086
9 17 -0.52667 -0.0710805
9 20 -0.486443 -0.0177541
1 9 -0.447365 0.113507
9 293 -0.481576 -0.0587301
9 34 -0.441659 -0.0273542
9 32 -0.473009 0.0493808
9 295 -0.422013 -0.0544143
9 298 -0.064648 -0.191442
9 382 -0.032772 -0.0338264
9 128 -0.0172007 -0.218358
9 132 0.0103914 -0.21839
9 305 0.0287638 -0.212915
9 48 0.0998953 -0.0224011
9 308 0.112222 -0.0209039
1 412 0.130445 -0.150132
9 412 0.117877 -0.110887
1 413 0.130445 -0.150132
9 413 0.123143 -0.078464
9 50 0.113376 -0.174494
9 309 0.117813 -0.0166999
9 309 0.122726 -0.0129496
9 189 0.123125 -0.16048
9 53 0.127956 -0.124007
9 161 0.117556 -0.139576
9 44 0.126082 -0.0851966
9 385 0.136618 -0.0550861
9 317 0.124791 -0.109009
9 319 0.132277 -0.037509
9 404 0.132803 -0.0880129
9 137 0.136143 -0.13162
9 320 0.130921 -0.108686
9 321 0.139561 -0.0240008
9 57 0.140734 -0.104671
9 323 0.143262 -0.0903018
9 58 0.149272 -0.00765246
9 323 0.148097 -0.0757177
9 60 0.149231 -0.0142003
9 400 0.158558 -0.00775438
9 324 0.159019 -0.00137182
9 206 0.159582 -0.109836
9 206 0.161607 -0.0837952
9 68 0.157542 -0.128066
9 65 0.164619 -0.0297037
9 72 0.2422 0.0166024
1 414 0.305746 -0.161114
9 414 0.28927 -0.161302
9 73 0.339697 0.0495711
9 374 0.335499 -0.199435
9 342 0.390199 -0.224813
9 91 0.393077 -0.209038
9 92 0.393077 -0.209038
9 93 0.393077 -0.209038
9 97 0.411549 -0.2062
1 415 0.446268 -0.109264
9 415 0.425645 -0.155759
9 377 0.438187 -0.14622
9 347 0.443422 -0.142448
9 350 0.503534 -0.146454
9 117 0.51554 -0.171636
1 416 0.53771 -0.116491
9 416 0.520838 -0.171577
9 360 0.544015 -0.133511
9 362 0.578386 0.0442324
10 365 -0.0964864 -0.235288
10 127 -0.0833438 -0.204675
10 40 -0.0518292 -0.0188836
10 128 -0.0454713 -0.212254
10 307 0.0714417 -0.0127054
10 308 0.0827422 -0.0162939
10 412 0.0939197 -0.0732008
10 413 0.0939197 -0.0732008
10 50 0.0928538 -0.115059
10 309 0.0888839 -0.0118118
10 309 0.0937309 -0.00822683
10 310 0.0877047 -0.133115
10 311 0.0913726 -0.0212477
10 189 0.0936113 -0.157323
10 44 0.0965272 -0.0808788
10 316 0.0995264 -0.110735
10 165 0.101081 -0.184381
10 319 0.103811 -0.0326208
10 405 0.108115 -0.0710611
10 321 0.11096 -0.019799
10 57 0.122165 -0.0414358
10 323 0.113782 -0.0856698
10 59 0.122386 -0.0234813
10 325 0.129653 -0.0163379
10 206 0.125321 -0.161662
10 65 0.136556 -0.0255382
10 80 0.342527 0.0580162
10 82 0.35136 0.0585824
10 85 0.330813 -0.119227
10 88 0.340514 -0.200512
10 376 0.381137 -0.00652235
10 344 0.385037 -0.15068
10 345 0.416899 -0.00360645
10 103 0.39836 -0.132624
10 377 0.401344 -0.143215
1 417 0.459304 -0.0262225
10 417 0.415179 -0.0635994
10 119 0.40672 -0.130037
10 347 0.406803 -0.139425
10 348 0.411438 -0.140098
10 349 0.427615 -0.0845015
10 351 0.497857 0.0489267
10 353 0.434459 -0.0887031
10 149 0.511877 -0.0897396
10 359 0.509327 -0.120241
10 150 0.526196 -0.0804901
11 392 -0.57969 -0.220787
11 289 -0.57969 -0.220787
11 4 -0.542642 -0.22624
11 290 -0.560754 -0.213115
11 6 -0.55433 -0.232273
11 7 -0.548913 -0.223347
11 8 -0.548913 -0.223347
11 11 -0.538698 -0.215569
11 13 -0.563512 -0.0276583
11 15 -0.560889 -0.0177128
11 16 -0.560889 -0.0177128
11 17 -0.559833 -0.0358652
11 397 -0.510957 -0.196997
11 19 -0.534222 -0.110985
11 292 -0.540975 -0.0414447
11 22 -0.533372 -0.014827
11 18 -0.50271 -0.158841
11 24 -0.532768 0.0163169
11 25 -0.532768 0.0163169
11 26 -0.51876 0.0145922
11 294 -0.497716 0.144898
11 28 -0.509647 0.0101908
11 29 -0.509647 0.0101908
1 418 -0.407218 0.0461017
11 418 -0.480227 0.0127042
11 35 -0.463743 0.0296384
1 248 -0.112344 -0.226272
11 127 -0.0672766 -0.196704
11 132 -0.00144059 -0.201879
11 51 0.106055 -0.114983
11 191 0.130413 -0.0664675
11 369 0.139816 -0.0300959
11 407 0.119438 0.0240793
11 328 0.160004 -0.167512
11 71 0.173312 -0.0126558
11 332 0.271889 -0.10715
11 387 0.338361 -0.0887696
11 169 0.374643 -0.165146
11 342 0.384308 -0.193926
11 344 0.415916 -0.116622
11 377 0.433281 -0.106959
11 417 0.399772 -0.0164903
11 119 0.43729 -0.0935287
11 347 0.438322 -0.103035
11 101 0.4023 0.0753712
11 348 0.436929 -0.108325
11 355 0.383777 -0.179155
11 149 0.548125 -0.0433849
3 9 -0.574401 -0.171494
2 419 -0.541136 0.0590408
3 419 -0.56539 0.0659792
3 11 -0.569393 -0.197304
2 420 -0.532593 0.0507713
3 420 -0.558631 0.0587344
3 136 -0.557986 -0.164276
2 421 -0.522835 0.00693858
3 421 -0.548116 0.0129198
2 422 -0.521038 -0.0812396
3 422 -0.547464 -0.0842159
2 423 -0.521038 -0.0812396
3 423 -0.547464 -0.0842159
2 424 -0.520439 0.0581595
3 424 -0.545145 0.0656192
3 18 -0.530846 -0.134783
2 425 -0.495921 0.00434103
3 425 -0.520139 0.00997196
3 294 -0.494738 0.188281
2 426 -0.432248 0.0676295
3 426 -0.454715 0.072641
2 427 -0.423833 0.0606241
3 427 -0.445877 0.0663927
2 428 -0.362506 0.0189017
3 428 -0.392858 -0.00439572
3 296 -0.185105 -0.190032
2 296 -0.165031 -0.152334
2 429 -0.150659 -0.0500314
3 429 -0.171227 -0.064468
2 430 -0.129617 -0.210492
3 430 -0.144222 -0.229135
2 431 -0.117977 -0.0704318
3 431 -0.130522 -0.0779708
2 300 -0.0153132 0.126207
3 129 0.0059197 0.121429
2 432 0.0259127 0.114812
3 432 0.0149779 0.119202
2 433 0.0333312 0.112957
3 433 0.0246089 0.116048
2 162 0.114453 -0.175299
3 314 0.107355 0.00868317
2 434 0.130174 -0.050482
3 434 0.122978 -0.052767
3 322 0.122978 -0.052767
2 369 0.130496 -0.0292832
2 435 0.131168 -9.26534e-05
3 435 0.122697 -0.00165198
2 367 0.131408 0.0129905
2 436 0.132077 -0.017916
3 436 0.123761 -0.0197819
3 137 0.129851 -0.190527
2 163 0.133202 -0.0884842
2 137 0.133499 -0.186392
2 437 0.137472 -0.162827
3 437 0.134505 -0.154596
2 137 0.137977 -0.162364
2 437 0.139295 -0.150861
2 438 0.139295 -0.150861
3 438 0.134505 -0.154596
3 312 0.135238 -0.101227
2 439 0.141683 -0.0468323
3 439 0.134574 -0.0488991
2 440 0.143575 -0.0829877
3 440 0.137144 -0.0851315
2 441 0.144681 -0.0696507
3 441 0.138063 -0.0720959
2 442 0.14694 0.0106352
3 442 0.137292 0.00884215
2 443 0.14903 -0.0768183
3 443 0.143141 -0.0781421
2 373 0.149992 -0.0360006
2 373 0.150553 -0.0425724
2 444 0.160598 -0.130164
3 444 0.155426 -0.133675
2 138 0.161777 -0.0841502
2 166 0.162958 -0.0634286
3 66 0.155041 -0.0231509
2 167 0.210201 0.010557
2 72 0.245619 0.0207597
2 445 0.286611 -0.104824
3 445 0.283905 -0.101513
2 446 0.288503 -0.117743
3 446 0.286346 -0.11459
2 447 0.302724 -0.0767802
3 447 0.298129 -0.0852802
2 448 0.318695 -0.0853428
3 448 0.315856 -0.0805803
2 449 0.318695 -0.0853428
3 449 0.315856 -0.0805803
3 77 0.35661 0.0157005
2 77 0.367222 0.0171954
2 450 0.382607 -0.0828935
3 450 0.381138 -0.0744889
2 451 0.402967 -0.0243374
3 451 0.399275 -0.0157926
2 452 0.404184 0.0758065
3 452 0.396244 0.0828746
3 140 0.409163 -0.146714
2 91 0.409089 -0.155618
2 451 0.411697 -0.0055157
2 94 0.416794 -0.0146307
2 453 0.418449 -0.0185104
3 453 0.413831 -0.0101167
2 376 0.418895 0.048785
2 454 0.420182 0.000928835
3 454 0.414533 0.0103022
2 455 0.422604 -0.156528
3 455 0.424323 -0.147392
2 456 0.423641 0.016389
3 456 0.417685 0.0262069
2 457 0.425705 -0.10043
3 457 0.425058 -0.0904374
2 458 0.437015 0.0628441
3 458 0.429519 0.071041
2 459 0.437083 -0.160475
3 459 0.433002 -0.167396
2 460 0.458666 -0.0148741
3 460 0.454751 -0.00366385
3 104 0.457149 0.0898969
3 142 0.487558 -0.00682496
2 461 0.490917 -0.0190763
3 461 0.487558 -0.00682496
3 144 0.489434 0.0733108
2 114 0.516214 -0.140928
3 146 0.529304 -0.0982842
3 147 0.533443 -0.0814613
2 462 0.546104 0.0425276
3 462 0.538078 0.0533856
2 463 0.556542 0.0144119
3 463 0.566571 0.116013
2 464 0.568723 -0.0428917
3 464 0.565352 -0.028591
4 297 -0.133526 -0.247347
4 299 -0.0501107 -0.134582
4 72 -0.548052 -0.143037
4 332 0.338408 -0.0722538
2 333 0.288498 -0.0997854
2 465 0.311426 -0.220101
4 465 0.309855 -0.250713
2 466 0.312494 -0.0878592
4 466 0.35573 -0.064436
2 467 0.312494 -0.0878592
4 467 0.35573 -0.064436
2 349 0.383756 -0.090226
4 338 0.424293 -0.0723896
4 453 0.445694 0.00189598
4 455 0.46395 -0.129969
2 99 0.443516 -0.0909249
2 468 0.477329 -0.0322137
4 468 0.211023 -0.296399
4 461 0.514369 0.00539737
2 64 0.511268 0.0904764
4 110 0.372377 0.0947161
2 218 0.534703 -0.0949457
2 469 -0.468658 0.0665374
5 469 0.0917787 0.151692
5 296 -0.158339 -0.190005
5 163 0.216248 -0.0822883
2 470 0.139507 0.00730884
5 470 0.198291 -0.0756761
5 80 0.455757 0.0817063
5 83 0.480211 -0.139879
5 450 0.455064 -0.0736363
5 349 0.456655 -0.0805442
2 471 0.394951 -0.105299
5 471 0.467616 -0.0938279
2 472 0.403645 -0.102855
5 472 0.476416 -0.0912932
5 91 0.482916 -0.140147
6 12 -0.374555 -0.149054
6 134 0.0836317 -0.222043
6 311 0.438599 -0.0200491
6 466 0.371931 -0.106779
2 269 0.353709 -0.0078838
6 450 0.415281 -0.112937
6 453 0.443528 -0.0562157
6 376 0.44261 0.00269574
6 461 0.505834 -0.0593585
2 363 0.567563 0.0993447
2 123 -0.516371 0.0055999
7 432 0.0897346 0.0729198
7 60 0.181869 -0.189563
2 473 0.289864 -0.0664015
7 473 0.475983 -0.00505943
7 472 0.444286 -0.1423
2 474 0.443355 0.02625
7 474 0.472562 -0.0149098
2 473 0.448274 0.0374659
7 119 0.489548 -0.119004
7 347 0.48996 -0.126039
2 106 0.573795 -0.041515
2 475 -0.58536 -0.195705
8 475 -0.560143 -0.255138
8 290 -0.541912 -0.245097
8 9 -0.522992 -0.228049
8 419 -0.532337 -0.00785244
8 12 -0.514888 -0.229626
8 136 -0.507178 -0.208997
8 424 -0.509768 -0.00913264
8 427 -0.415986 0.00421504
2 476 -0.327148 0.185874
8 476 -0.340542 0.166465
8 430 -0.141626 -0.198605
8 134 0.019429 -0.216489
8 316 0.12734 -0.18866
8 137 0.120969 -0.193139
8 437 0.125321 -0.15437
8 438 0.125321 -0.15437
2 477 0.189269 0.0348854
8 477 0.173982 0.029444
8 446 0.261857 -0.111502
8 450 0.362624 -0.114224
8 349 0.363263 -0.120841
8 342 0.376052 -0.197642
8 451 0.384221 -0.0588185
8 454 0.401572 -0.0357295
8 96 0.414875 0.0140455
8 473 0.425627 0.00759493
8 460 0.43622 -0.0516818
8 468 0.453322 -0.0717405
8 461 0.464902 -0.0586378
8 143 0.48981 -0.0626211
8 106 0.541893 -0.0862611
9 290 -0.539373 -0.243984
9 420 -0.526633 -0.0323145
9 424 -0.516157 -0.0208666
2 424 -0.516371 0.0055999
9 24 -0.500474 -0.0163996
9 25 -0.500474 -0.0163996
9 28 -0.475722 -0.0214327
9 29 -0.475722 -0.0214327
9 427 -0.423257 -0.0078173
9 476 -0.334105 0.148656
9 300 -0.0151507 0.079462
9 130 0.0011012 -0.210757
9 131 0.00908078 -0.2265
9 432 0.0273349 0.0727605
2 412 0.119785 -0.0905045
2 413 0.12438 -0.0574039
9 322 0.128784 -0.0713011
9 369 0.130566 -0.0489896
9 135 0.130566 -0.0489896
9 435 0.13244 -0.0192742
9 436 0.132277 -0.037509
9 55 0.140944 0.00614911
2 385 0.13758 -0.0353284
9 437 0.134338 -0.163765
9 470 0.141245 -0.0112628
9 312 0.140734 -0.104671
9 442 0.149272 -0.00765246
9 373 0.149773 -0.0556232
2 373 0.150375 -0.0266661
9 477 0.192201 0.0249163
2 478 0.225418 -0.103383
9 478 0.222542 -0.113732
9 330 0.216645 -0.241781
2 479 0.286292 -0.0559501
9 479 0.287173 -0.0864369
9 446 0.28034 -0.154141
9 80 0.375553 0.0528579
9 450 0.374273 -0.134713
9 451 0.39919 -0.0777144
2 480 0.407061 -0.156832
9 480 0.409171 0.0379207
9 90 0.414998 -0.02202
9 454 0.418452 -0.0530642
9 96 0.43621 -0.000586048
2 481 0.434656 -0.0049714
9 481 0.432286 -0.0585153
9 458 0.441556 0.0123896
9 474 0.440592 -0.0289625
9 346 0.44664 0.00822814
9 473 0.451397 -0.00488021
9 119 0.443532 -0.133619
9 460 0.454617 -0.0719548
9 106 0.449291 -0.132396
9 348 0.448036 -0.143223
9 108 0.467533 -0.0790965
9 468 0.47032 -0.092714
9 64 0.52082 0.04272
2 64 0.51138 0.0902877
9 145 0.509012 -0.0653367
9 112 0.535145 0.0121135
9 113 0.535145 0.0121135
9 462 0.549711 -0.0146302
9 149 0.546818 -0.0916333
9 359 0.544197 -0.123506
9 463 0.554894 -0.0563036
9 121 0.565287 -0.108698
10 475 -0.583564 -0.236724
10 290 -0.563762 -0.229036
10 7 -0.552053 -0.238312
10 289 -0.552053 -0.238312
10 9 -0.548197 -0.210216
10 11 -0.54268 -0.229379
10 13 -0.563592 -0.0497459
10 12 -0.541358 -0.218127
10 420 -0.556715 -0.0204214
10 421 -0.532692 -0.00603643
10 294 -0.504681 0.130896
10 428 -0.400918 -0.075657
10 134 -0.00419437 -0.218057
10 433 -0.00104186 0.0763562
10 306 0.0545984 -0.246085
10 162 0.0833165 -0.17024
10 314 0.0890609 -0.00478656
10 310 0.085618 -0.151824
10 412 0.104438 -0.0480474
10 434 0.0998387 -0.0668479
10 322 0.0998387 -0.0668479
10 369 0.101667 -0.0438295
10 135 0.101667 -0.0438295
10 435 0.103327 -0.0149762
10 436 0.103811 -0.0326208
10 437 0.105728 -0.160305
10 320 0.1092 -0.0507197
10 54 0.109381 -0.0373148
10 470 0.112796 -0.00578343
10 312 0.111853 -0.100729
10 441 0.113782 -0.0856698
10 60 0.122823 -0.00868178
10 373 0.12133 -0.0583274
10 324 0.131171 0.00384361
10 138 0.131162 -0.105091
10 70 0.154067 0.0281709
10 329 0.155678 -0.010793
10 477 0.166348 0.0288893
10 167 0.188715 0.00557983
10 478 0.196854 -0.108852
10 330 0.193988 -0.239619
10 72 0.22061 0.0198913
10 445 0.246276 -0.137021
10 448 0.276504 -0.123142
10 480 0.353204 -0.207998
10 140 0.353204 -0.207998
10 451 0.362934 -0.0731136
10 453 0.37967 -0.0665809
10 376 0.386545 0.00280015
10 454 0.382195 -0.0486806
10 455 0.368596 -0.209737
10 457 0.377421 -0.152755
10 459 0.382104 -0.207322
10 474 0.41774 -0.00811901
10 346 0.413351 0.013235
10 473 0.420881 -0.000535927
10 460 0.419333 -0.0681706
10 64 0.490781 0.0481403
10 146 0.478621 -0.175587
10 463 0.560366 0.0548419
2 482 -0.586054 -0.163896
11 482 -0.57964 -0.189232
11 12 -0.534785 -0.196668
11 420 -0.556839 0.00400399
11 123 -0.547476 0.0125769
11 424 -0.547476 0.0125769
11 424 -0.540975 -0.0414447
11 469 -0.498853 0.0242843
11 34 -0.470156 0.00391735
11 426 -0.463743 0.0296384
11 427 -0.456824 0.0217925
11 41 -0.0400811 -0.00249476
2 483 -0.00161722 -0.298088
11 483 0.123914 -0.160876
11 130 -0.0113867 -0.193266
11 313 0.111003 -0.0980435
11 319 0.120275 -0.0127015
11 373 0.1392 -0.037264
11 325 0.148312 0.00493724
11 478 0.219344 -0.0965376
11 330 0.225294 -0.23139
11 333 0.271889 -0.10715
11 80 0.363445 0.0966813
11 451 0.389698 -0.0367215
11 340 0.407438 0.0773907
11 90 0.405497 0.0223357
11 453 0.407381 -0.0296263
11 454 0.409169 -0.00948573
11 457 0.408113 -0.119341
11 96 0.427464 0.0399001
11 458 0.432964 0.0604672
11 346 0.441792 0.0543276
11 473 0.450203 0.0383361
11 460 0.449452 -0.028638
11 349 0.458095 -0.0449365
11 104 0.48242 0.0923677
11 468 0.466484 -0.0490714
11 461 0.48014 -0.0359678
11 64 0.521234 0.0940422
2 484 0.519761 -0.0651324
11 484 0.507911 -0.0891222
11 352 0.510454 -0.142619
11 363 0.564891 0.0989473
11 359 0.545945 -0.0758827
3 380 -0.260487 0.121484
3 126 -0.206294 0.00573268
3 178 -0.0685041 -0.0301663
3 178 -0.0680246 -0.028675
3 485 -0.0463837 -0.313867
4 485 -0.0294974 -0.310065
3 485 -0.0462748 -0.314108
3 108 0.286552 -0.0513207
3 332 0.298363 -0.0883673
3 467 0.303514 -0.0858848
4 450 0.420566 -0.057702
4 340 0.425025 0.0926127
4 90 0.435416 0.0419686
3 340 0.406025 0.0874815
3 455 0.41628 -0.160206
4 456 0.443823 0.0350125
3 455 0.422726 -0.153048
4 98 0.456418 0.0940234
3 486 0.473032 0.0906925
4 486 0.485222 0.0892691
3 487 0.487558 -0.00682496
4 487 0.514369 0.00539737
3 216 0.514612 -0.0117977
3 111 0.523906 -0.0973522
4 462 0.55031 0.0563318
3 110 0.5585 0.114478
5 300 0.0745889 0.146877
5 366 0.0745889 0.146877
5 317 -0.364719 -0.121635
5 332 0.390435 -0.0765005
3 488 0.358357 0.00618862
5 488 0.428098 0.00172432
5 453 0.480544 -0.0146124
5 455 0.488849 -0.152508
5 350 0.490547 -0.000110026
3 248 -0.13041 -0.258386
6 365 -0.11386 -0.230681
6 445 0.0923382 -0.0758137
6 488 0.394452 -0.0379538
6 454 -0.516944 0.184075
3 273 0.526253 -0.0669745
7 294 -0.400894 0.138821
7 300 0.0678203 0.0783076
7 453 0.457671 -0.0632304
7 348 0.495852 -0.124239
8 432 0.0146776 0.0841209
8 162 0.109911 -0.130127
8 158 0.116736 -0.129498
3 489 0.126321 -0.211661
8 489 0.123835 -0.16844
8 163 0.121832 -0.101089
3 372 0.141242 -0.0120814
3 490 0.141541 -0.0279065
8 490 0.135711 -0.0404287
8 168 0.315332 0.0579109
8 83 0.34849 -0.116972
3 491 0.42916 0.00952117
8 491 0.411577 -0.0364229
8 119 0.411148 -0.189432
3 492 0.568527 -0.132041
8 492 0.527437 -0.185104
9 152 -0.486443 -0.0177541
9 178 -0.054359 -0.0373119
3 317 0.119813 -0.0927515
9 158 0.125319 -0.13827
9 312 0.136143 -0.13162
9 83 0.358707 -0.136599
9 90 0.4163 -0.0117117
9 491 0.434854 -0.0518751
9 170 0.436765 -0.0328562
3 170 0.431261 0.0307001
9 143 0.467533 -0.0790965
9 116 0.516333 -0.145254
10 14 -0.556715 -0.0204214
10 123 -0.54731 -0.0105026
10 424 -0.54731 -0.0105026
10 27 -0.489177 -0.0438393
3 493 -0.385744 0.123134
10 493 -0.379347 0.0966012
10 178 -0.082063 -0.0309237
10 300 -0.054631 0.0851321
10 129 -0.022963 0.0792771
10 317 0.0953731 -0.104291
10 439 0.140367 -0.0101519
10 372 0.11769 -0.0759451
10 330 0.184179 -0.240128
10 81 0.323491 -0.118524
10 455 0.360559 -0.220333
10 110 0.551117 0.0542332
3 282 0.574784 0.117945
11 419 -0.564918 0.010932
3 494 -0.446472 0.043554
11 494 -0.451413 0.00662673
11 153 -0.436378 0.0749369
11 300 -0.0519606 0.114369
11 161 0.104311 -0.136093
11 317 0.112488 -0.0870184
3 495 0.137205 -0.321755
11 495 0.527908 0.0950571
3 110 0.142728 -0.311836
11 68 0.149969 -0.105602
11 70 0.170659 0.0503126
11 376 0.406668 0.0331377
3 496 0.41848 -0.0924851
11 496 0.401455 -0.120571
11 170 0.435656 0.00913765
11 487 0.48014 -0.0359678
11 216 0.510801 -0.0443639
3 150 0.567839 0.00759401
4 151 -0.551968 -0.137458
4 163 -0.513093 0.199328
4 225 -0.460436 0.0596549
4 497 -0.449609 0.161252
5 497 -0.396238 0.16882
4 23 -0.434797 0.141033
4 227 -0.425448 0.23333
4 152 -0.425243 0.112996
5 31 -0.340702 0.19967
4 498 -0.208773 -0.159266
5 498 -0.23453 -0.108986
5 175 -0.158339 -0.190005
5 297 -0.117108 -0.231963
4 499 -0.112989 -0.241689
5 499 -0.0898334 -0.231949
4 500 -0.0593714 -0.0194777
5 500 -0.0217923 -0.0160896
5 485 -0.0101274 -0.296801
4 501 0.00598219 0.113838
5 501 0.0627215 0.109711
5 180 0.0779221 0.141272
4 469 0.0327944 0.156262
5 300 0.10048 0.143841
4 502 0.0486197 -0.255371
5 502 0.0801768 -0.253285
4 186 0.0674911 -0.195504
4 503 0.128552 0.101221
5 503 0.177119 0.0961559
5 385 0.198041 -0.132944
4 504 0.167411 -0.050795
5 504 0.198239 -0.0506141
4 202 0.17216 -0.084686
4 120 0.183262 -0.0221793
4 505 0.443607 -0.017978
5 505 0.47819 -0.034927
4 237 0.446268 -0.0810245
5 95 0.48442 0.0638374
4 140 0.450199 -0.124286
4 506 0.459366 0.0140353
5 506 0.494085 -0.00274534
4 507 0.461933 -0.152583
5 507 0.485892 -0.167528
4 508 0.483791 -0.142024
5 508 0.505576 -0.152575
4 0 -0.568451 0.27085
4 221 -0.543927 0.207769
4 221 -0.543653 0.206842
4 244 -0.513093 0.199328
4 355 -0.484187 0.119272
4 24 -0.441417 0.12223
4 509 -0.434797 0.141033
6 509 -0.382263 0.0994962
4 228 -0.411589 0.180556
6 174 -0.235999 0.170209
6 126 -0.142861 -0.00197281
6 500 -0.0291392 -0.0447952
6 501 0.0461744 0.0580029
6 300 0.0814155 0.0889283
4 255 0.10388 -0.321284
6 159 0.193604 -0.112162
4 510 0.156947 -0.103771
6 510 0.168398 -0.135343
6 190 0.162746 -0.186816
6 385 0.186588 -0.195332
4 137 0.17229 -0.159069
4 234 0.176909 -0.0484983
6 120 0.19733 -0.0547521
4 159 0.183284 -0.0815573
4 466 0.374023 -0.0565256
4 82 0.392222 0.100702
6 389 0.43464 -0.0577628
6 505 0.442409 -0.0813256
4 143 0.525354 0.0017043
4 33 -0.362689 0.108789
4 399 -0.308326 0.136014
4 178 -0.0285544 -0.0249309
7 185 0.166159 -0.0227486
4 511 0.144424 0.0995689
7 511 0.165669 0.0507385
7 120 0.200954 -0.0557977
7 159 0.194398 -0.166315
7 110 0.396675 0.0462409
7 450 0.426205 -0.122936
4 512 0.439668 0.0291569
7 512 0.454954 -0.036355
7 170 0.468343 -0.0155209
7 143 0.537089 -0.0708545
7 391 0.536739 -0.19198
7 355 0.536739 -0.19198
4 246 -0.363336 0.0699091
4 162 0.15508 -0.12499
8 189 0.11134 -0.179277
4 385 0.164875 -0.0960734
4 405 0.164914 -0.0889449
8 165 0.123835 -0.16844
8 216 0.492746 -0.0677329
4 28 -0.362689 0.108789
9 485 -0.0824975 -0.0355417
9 181 -0.0365437 0.0577025
4 432 0.0948986 0.015175
9 56 0.122726 -0.0129496
4 320 0.164914 -0.0889449
9 389 0.408484 -0.104241
4 389 0.438884 -0.0163424
10 14 -0.0607204 -0.0286209
10 19 -0.537386 -0.128915
10 23 0.136938 0.000910116
10 28 -0.509594 -0.0122171
10 33 -0.509594 -0.0122171
10 384 -0.395941 0.0561947
4 513 0.374023 -0.0565256
10 513 0.129054 -0.140782
10 143 -0.509293 0.117872
4 424 -0.159094 -0.0649834
11 183 0.121817 -0.0729589
11 140 -0.513256 0.0767497
4 140 0.450199 -0.124286
5 219 -0.544067 0.272387
5 514 -0.396652 0.197353
6 514 -0.38233 0.127622
5 515 -0.395863 0.180876
6 515 -0.381602 0.113359
5 16 -0.386417 0.112534
5 516 -0.358629 0.0533725
6 516 -0.348489 -0.0221451
6 153 -0.32063 0.0634617
5 34 -0.306291 0.0852745
5 517 -0.264875 0.145816
6 517 -0.263914 0.0849459
5 518 -0.240026 0.151059
6 518 -0.237124 0.0965521
6 498 -0.208804 -0.0935447
6 38 -0.109486 -0.0704039
5 39 0.00643979 -0.000801299
5 303 0.0746829 0.148808
5 519 0.12664 0.141313
6 519 0.107436 0.0893888
5 520 0.185348 -0.0597234
6 520 0.179612 -0.0261493
5 187 0.186206 -0.157676
5 258 0.188233 -0.128053
5 136 0.194023 -0.00191832
5 56 0.196548 0.0155245
5 65 0.223918 -0.00627204
5 69 0.224654 -0.0306197
5 267 0.227919 -0.218742
6 141 0.391397 -0.183667
5 90 0.47406 0.0291008
5 521 0.485721 -0.14853
6 521 0.439965 -0.185744
5 349 0.521824 -0.0232111
5 522 0.551935 -0.0138559
6 522 0.514365 -0.0550924
5 28 -0.465239 -0.173628
7 180 0.0463496 0.0723396
7 182 0.0815595 -0.229276
7 470 0.178783 -0.108048
7 69 0.206903 -0.0617633
5 143 0.480211 -0.139879
7 521 0.44766 -0.199788
7 349 0.497983 -0.0735107
8 392 -0.560143 -0.255138
5 523 -0.264875 0.145816
8 523 -0.555239 0.106316
8 517 -0.555239 0.106316
8 202 0.399944 -0.0810818
5 524 0.223918 -0.00627204
8 524 -0.501118 -0.217479
5 525 0.516813 -0.0693411
8 525 0.399798 -0.129943
5 468 0.535822 -0.0282359
9 151 -0.558428 -0.227496
9 392 -0.557339 -0.254395
9 289 -0.557339 -0.254395
9 393 -0.543183 -0.26562
9 6 -0.529605 -0.265191
9 224 -0.522377 0.0520819
5 308 -0.412072 -0.152642
9 485 -0.0740543 -0.241922
9 136 0.122726 -0.0129496
9 56 -0.139611 -0.0589585
5 526 0.459165 0.0687242
9 526 -0.131562 -0.186919
9 471 0.362558 -0.0462419
9 96 -0.50827 -0.142342
5 527 0.110008 0.147108
10 527 0.279953 -0.185793
5 493 0.572606 -0.103039
11 19 -0.51876 0.0145922
11 297 -0.460245 -0.150702
5 248 0.173852 -0.139941
11 150 0.338573 -0.0850483
5 528 0.52529 0.0759312
11 528 0.50007 0.0906871
5 529 0.534712 0.0775917
11 529 0.510349 0.0922387
6 220 -0.493003 0.268561
6 530 -0.469565 -0.1808
7 530 -0.489819 -0.213299
7 243 -0.487662 0.126843
6 172 -0.435228 -0.135565
6 531 -0.40665 -0.199092
7 531 -0.427603 -0.227909
6 16 -0.390425 -0.00465147
7 20 -0.411444 -0.142341
6 22 -0.35978 0.00211949
6 28 -0.329196 0.0269942
7 498 -0.18255 -0.0716282
7 303 0.0410718 0.0822225
7 130 0.0570401 -0.22083
6 532 0.162746 -0.186816
7 532 0.164295 -0.195522
6 532 0.163235 -0.187091
7 510 0.169096 -0.141525
7 56 -0.0161346 -0.163902
7 137 0.181869 -0.189563
7 385 0.187946 -0.201154
6 533 0.207357 -0.0170608
7 533 0.213912 -0.0136834
7 141 0.401688 -0.192772
6 534 0.3961 -0.192485
7 534 0.406814 -0.200978
7 140 0.445521 -0.192523
6 535 0.440971 0.0203557
7 535 0.454253 0.0216687
7 110 0.54416 0.0461467
6 536 0.553387 -0.194503
7 536 0.57429 -0.205654
6 362 0.561115 -0.187147
6 282 -0.487044 -0.146552
8 248 -0.130235 -0.221789
8 249 0.487433 -0.0692408
6 537 -0.0634314 0.0912902
8 537 -0.163817 0.0860627
8 366 0.0146776 0.0841209
6 432 0.101029 0.0814017
6 538 0.173819 -0.152977
8 538 0.398314 -0.0848857
6 539 0.408002 -0.197451
8 539 0.350911 -0.191905
6 539 0.408442 -0.196744
6 540 0.408442 -0.196744
8 540 0.350911 -0.191905
6 119 0.464616 -0.193121
9 395 -0.539373 -0.243984
6 541 -0.400098 0.122613
9 541 -0.495585 0.0767964
9 537 -0.169444 0.0767145
9 254 -0.0446718 0.0790062
9 445 0.0732667 -0.067608
9 46 0.0598437 0.0702849
6 542 0.169022 -0.129005
9 542 0.121823 -0.118356
9 539 0.359913 -0.214506
9 540 0.359913 -0.214506
10 240 0.366456 -0.099852
10 4 -0.578738 -0.246003
10 22 -0.545122 0.0586898
10 537 0.072042 0.0606342
10 500 -0.107264 -0.0303748
6 543 0.293457 -0.156767
10 543 0.147843 -0.00854408
6 285 0.404445 -0.199883
10 505 0.486041 -0.150663
6 544 0.456822 -0.0457318
10 544 0.53354 -0.100097
11 2 -0.583967 -0.20803
6 71 0.161599 -0.0238001
11 164 0.407025 -0.0658848
6 545 0.49023 0.0377038
11 545 0.560419 0.102902
7 546 -0.485672 -0.22226
8 546 -0.56496 -0.210812
8 7 -0.543622 -0.266249
8 531 -0.51024 -0.21523
7 547 -0.411417 0.117724
8 547 -0.496639 0.124254
8 397 -0.49232 -0.226085
8 22 -0.492872 -0.0343914
7 548 -0.257041 0.0501308
8 548 -0.310566 0.0700297
7 549 -0.253168 0.0375535
8 549 -0.309178 0.0533588
8 126 -0.171355 0.0158019
7 249 -0.0962691 -0.236179
8 181 -0.0172454 0.0401233
8 45 0.0460684 -0.0660977
7 550 0.100386 -0.225379
8 550 0.0379455 -0.214279
8 233 0.0788548 -0.24217
7 403 0.150464 -0.0308013
8 511 0.101645 0.0640519
8 163 0.115216 -0.149578
7 551 0.180117 -0.0392102
8 551 0.136949 -0.0274893
8 533 0.160416 0.00139262
7 552 0.255739 -0.126504
8 552 0.203833 -0.11349
7 553 0.255739 -0.126504
8 553 0.203833 -0.11349
8 72 0.216093 0.022337
7 554 0.312346 0.0569928
8 554 0.270697 0.0708088
7 555 0.339644 -0.152697
8 555 0.276002 -0.141873
7 556 0.408049 -0.210907
8 556 0.340592 -0.199685
8 277 0.387259 0.0502788
8 140 0.380378 -0.185835
7 96 0.46927 0.00323799
7 557 0.471852 -0.182602
8 557 0.568043 -0.148725
7 119 0.47561 -0.196483
8 355 0.485875 -0.185423
7 558 0.541702 -0.161436
8 558 0.482642 -0.15757
8 536 0.522552 -0.199853
9 397 -0.487386 -0.22829
9 22 -0.499824 -0.0477554
9 130 0.0011012 -0.210757
9 396 0.140762 0.0568661
7 559 0.334669 -0.134895
9 559 0.280927 -0.153886
7 560 0.428812 -0.209167
9 560 0.368067 -0.21996
9 535 0.309116 -0.190904
7 491 0.466776 -0.0405221
9 104 0.482348 0.043657
7 561 0.570141 0.0471795
9 561 0.558683 0.0480073
10 546 -0.583992 -0.195611
10 2 -0.587188 -0.223203
10 392 -0.583564 -0.236724
10 7 -0.569929 -0.247889
7 562 -0.46012 -0.286952
10 562 -0.56653 -0.252074
10 12 -0.514875 -0.213345
10 25 -0.532692 -0.00603643
10 26 -0.518991 -0.0077283
7 428 -0.319039 -0.1084
10 56 -0.0675756 -0.144911
10 130 -0.0275637 -0.204186
10 45 0.0459647 -0.0624611
10 187 -0.587188 -0.223203
10 267 0.52738 -0.207187
7 563 0.212647 -0.0234041
10 563 0.148383 -0.00777335
10 533 0.151122 -0.00387373
10 96 0.401205 0.00180376
10 557 -0.0409196 -0.201993
10 106 0.531786 -0.105016
7 564 0.562557 0.0463412
10 564 0.520224 0.0525311
11 242 -0.543016 -0.196128
11 224 -0.538806 0.0726554
11 23 -0.492208 0.0704557
11 380 -0.239239 0.13087
11 185 0.301073 -0.0271036
11 510 -0.562308 0.117343
11 560 0.361198 -0.190489
11 119 0.414864 -0.176675
8 565 -0.572024 -0.191591
9 565 -0.570418 -0.193891
9 14 -0.526633 -0.0323145
9 12 -0.511936 -0.227222
9 547 -0.48753 0.11368
9 279 -0.492802 -0.178334
8 566 -0.473024 -0.112836
9 566 -0.482438 -0.1209
8 567 -0.426451 -0.100109
9 567 -0.423198 -0.106536
8 568 -0.425207 -0.0794618
9 568 -0.426153 -0.0867496
8 295 -0.422145 -0.0456057
9 398 -0.42181 0.0492216
8 569 -0.420551 -0.0968411
9 569 -0.418945 -0.101963
8 570 -0.415986 0.00421504
9 570 -0.423257 -0.0078173
8 571 -0.411572 -0.111513
9 571 -0.408891 -0.114766
8 572 -0.380013 0.0915636
9 572 -0.370278 0.0863732
9 399 -0.347588 0.0424498
9 549 -0.288325 0.0536267
9 380 -0.228041 0.104683
9 178 -0.0545693 -0.0388816
8 573 -0.0221958 -0.290622
9 573 0.00392296 -0.290627
8 574 0.00676437 -0.28358
9 574 0.0273221 -0.282219
8 574 0.0076867 -0.284034
9 432 0.0160166 0.0739983
9 304 0.0287638 -0.212915
9 47 0.112222 -0.0209039
8 575 0.0819845 -0.295292
9 575 0.098172 -0.295659
8 284 0.108259 -0.147468
9 311 0.121613 -0.0276655
9 489 0.132325 -0.178354
9 438 0.134338 -0.163765
9 551 0.162655 -0.0356432
8 576 0.149494 0.00191946
9 576 0.164379 -0.00362876
8 577 0.152667 -0.00835089
9 577 0.167201 -0.0147081
8 578 0.161899 0.0452193
9 578 0.17934 0.0406258
9 268 0.212431 -0.235037
8 579 0.285593 -0.158216
9 579 0.294104 -0.17581
8 580 0.296831 0.0269002
9 580 0.318028 0.0209387
8 581 0.30631 -0.170309
9 581 0.314944 -0.189309
8 582 0.306598 -0.169757
9 582 0.31526 -0.188907
8 374 0.326713 -0.179036
8 583 0.347634 -0.185807
9 583 0.357611 -0.20828
8 560 0.360229 -0.197292
9 91 0.393077 -0.209038
9 525 0.412259 -0.152557
8 170 0.413466 -0.0175248
9 410 0.440295 -0.0376387
9 100 0.458459 0.0120846
8 584 0.441178 -0.195668
9 584 0.454344 -0.223264
9 558 0.498129 -0.185884
9 355 0.503863 -0.20922
8 585 0.487751 -0.164863
9 585 0.504457 -0.193416
9 354 0.526635 -0.155444
9 391 0.529881 -0.128166
9 492 0.546121 -0.21665
9 150 0.560887 -0.0838212
9 122 0.561499 -0.207611
8 586 0.548002 -0.190843
9 586 0.566259 -0.224369
8 587 0.552622 -0.177497
9 587 0.571723 -0.209962
10 565 0.420451 0.00783815
8 187 -0.566533 -0.242094
8 588 -0.529138 0.0899707
10 588 -0.542611 0.0849872
10 279 -0.524804 -0.16345
10 23 -0.498393 0.0551835
10 566 -0.515365 -0.107883
10 27 -0.51609 -0.0473809
8 589 -0.451983 -0.131558
10 589 -0.483145 -0.120862
10 34 -0.473477 -0.0174953
10 567 -0.451756 -0.0959373
10 35 -0.46523 0.00597426
10 398 -0.44869 0.0549234
10 571 -0.433483 -0.100942
10 399 -0.381024 0.0459991
8 590 -0.171817 0.219097
10 590 -0.153948 0.210691
10 304 -0.000587049 -0.207168
10 575 0.0818665 -0.293421
10 438 0.105728 -0.160305
8 325 0.127232 -0.0163805
10 407 0.132416 0.00944526
10 324 0.130882 0.00322004
10 576 0.136938 0.000910116
10 578 0.153352 0.0440232
10 268 0.188027 -0.23373
10 583 0.321405 -0.204621
10 539 0.323266 -0.21156
10 540 0.323266 -0.21156
10 525 0.375044 -0.149134
10 491 0.403917 -0.0491499
8 544 0.437318 -0.111306
10 104 0.454631 0.0489938
10 39 0.461883 -0.0942573
10 558 0.460886 -0.187685
8 591 0.487433 -0.0692408
10 591 0.47191 -0.088278
8 592 0.490203 -0.116871
10 592 0.472709 -0.141325
8 593 0.530643 -0.0347305
10 593 0.520123 -0.0530986
8 594 0.577884 -0.0217422
10 594 0.571826 -0.041025
11 566 -0.515218 -0.0875803
11 589 -0.479085 -0.106655
8 589 -0.434447 -0.132995
11 567 -0.445743 -0.0787911
8 595 -0.42281 -0.109065
11 595 -0.444677 -0.0885227
11 572 -0.393163 0.104537
11 537 -0.203513 0.105229
11 40 0.154581 -0.0313648
11 370 0.426783 -0.0768463
11 553 0.219344 -0.0965376
8 596 0.271038 -0.188101
11 596 0.460008 -0.20032
8 597 0.315599 -0.173892
11 597 0.3267 -0.168307
11 583 0.350357 -0.178137
11 539 0.352735 -0.184742
11 375 0.381196 0.0902396
11 90 0.404639 0.0215147
8 598 0.398314 -0.0848857
11 598 0.407025 -0.0658848
11 525 0.405312 -0.115126
11 202 0.408858 -0.0619673
11 491 0.433809 -0.0100373
11 592 0.508809 -0.100576
11 536 -0.440071 -0.0823127
11 492 0.552745 -0.178901
11 121 0.565573 -0.178137
11 122 0.569089 -0.168072
9 599 -0.575682 0.114581
10 599 -0.588901 0.11797
9 187 -0.561762 -0.239873
9 73 -0.543437 0.0669901
9 7 -0.543183 -0.26562
10 393 -0.569929 -0.247889
9 600 -0.542676 0.117643
10 600 -0.562394 0.121651
9 562 -0.539232 -0.269469
9 601 -0.537082 -0.265145
10 601 -0.564231 -0.247405
9 602 -0.532837 -0.0626066
10 602 -0.563628 -0.0505389
9 603 -0.522377 0.0520819
10 603 -0.545122 0.0586898
9 604 -0.514427 -0.234752
10 604 -0.541358 -0.218127
9 12 -0.514427 -0.234752
9 12 -0.513696 -0.233246
9 605 -0.505492 -0.215356
10 605 -0.531326 -0.199858
9 606 -0.500783 -0.0841526
10 606 -0.525047 -0.0729424
9 607 -0.497834 0.0581178
10 607 -0.519432 0.0644368
9 608 -0.497834 0.0581178
10 608 -0.519432 0.0644368
10 541 0.3793 0.0409612
9 609 -0.488384 0.0692222
10 609 -0.512467 0.075224
9 610 -0.48112 -0.194424
10 610 -0.510903 -0.179685
9 611 -0.462881 -0.0446047
10 611 -0.496998 -0.0344222
9 589 -0.453949 -0.132544
9 612 -0.41858 -0.11881
10 612 -0.446524 -0.108392
9 612 -0.417111 -0.119411
9 613 -0.41175 -0.117017
10 613 -0.436326 -0.102569
9 614 -0.383414 0.1402
10 614 -0.412271 0.142336
9 399 -0.351473 0.0423091
10 476 -0.360484 0.149729
9 615 -0.288325 0.0536267
10 615 -0.309294 0.0588074
10 549 -0.309294 0.0588074
9 616 -0.287144 0.0733448
10 616 -0.304057 0.0796982
9 20 -0.287144 0.0733448
10 537 0.0212471 0.0749092
9 590 -0.141435 0.209205
9 617 -0.0446718 0.0790062
10 617 -0.0842595 0.0847675
10 181 -0.0750573 0.0634613
9 557 -0.012653 -0.207847
9 618 -0.012653 -0.207847
10 618 -0.0409196 -0.201993
10 573 -0.0113363 -0.287366
9 619 0.129896 0.0606684
10 619 0.0987449 0.0652017
10 312 0.107454 -0.126288
10 55 0.113057 0.0100672
10 323 0.119831 -0.0697802
9 323 0.148773 -0.0749774
9 23 0.164379 -0.00362876
9 543 0.174063 -0.0147794
9 533 0.178277 -0.00818711
9 620 0.190414 0.100913
10 620 0.164354 0.1071
9 621 0.2422 0.0166024
10 621 0.22061 0.0198913
9 622 0.244626 0.121304
10 622 0.221517 0.128566
9 623 0.275718 -0.139181
10 623 0.242083 -0.135013
9 624 0.290317 -0.0119379
10 624 0.279154 -0.00870409
9 625 0.317172 0.114625
10 625 0.298493 0.122456
10 580 0.293648 0.029798
10 374 0.299509 -0.19583
9 85 0.366574 -0.123068
10 560 0.331359 -0.21765
10 88 0.333864 -0.231475
10 389 0.372447 -0.100498
9 626 0.424785 -0.061001
10 626 0.390066 -0.0565654
9 627 0.427378 0.00610617
10 627 0.392182 0.0108173
10 215 0.401205 0.00180376
9 628 0.439629 -0.0594258
10 628 0.408918 -0.0557349
9 417 0.450792 -0.0681199
10 100 0.424352 0.0192023
9 107 0.462045 -0.0652982
10 108 -0.458567 -0.0008551
9 619 0.496594 0.0442488
10 355 0.467518 -0.208666
10 585 0.469157 -0.191823
9 355 0.505678 -0.208924
9 629 0.510409 0.041619
10 629 0.480005 0.0468759
10 116 0.481798 -0.143119
9 564 0.543862 0.0470467
10 492 0.511539 -0.21612
9 630 0.556064 -0.225325
10 630 0.521926 -0.224865
9 631 0.557482 -0.111632
10 631 0.522699 -0.108616
10 586 0.532364 -0.224209
11 599 -0.577292 0.124
11 187 -0.583967 -0.20803
11 7 -0.566744 -0.232962
11 393 -0.566744 -0.232962
11 562 -0.56355 -0.237165
11 602 -0.563628 -0.0284849
11 603 -0.538806 0.0726554
11 604 -0.537787 -0.2034
11 12 -0.537787 -0.2034
11 607 -0.513256 0.0767497
11 279 -0.525314 -0.142807
11 547 -0.505559 0.131426
11 570 -0.456824 0.0217925
11 295 -0.44743 -0.0312162
11 612 -0.440493 -0.094517
11 476 -0.3566 0.164861
11 304 0.017673 -0.198138
11 305 -0.411771 0.154383
11 268 0.216078 -0.22763
9 553 0.222542 -0.113732
11 622 0.52945 -0.114146
9 632 0.362558 -0.0462419
11 632 0.352107 -0.00673419
9 597 0.377614 -0.232919
11 480 0.40763 0.0776998
11 626 0.417847 -0.0181621
9 170 0.437726 -0.025818
11 628 0.434961 -0.0165221
11 410 0.439797 0.00362798
11 116 0.518715 -0.103837
9 633 0.523492 -0.159195
11 633 0.525165 -0.118644
11 630 0.562861 -0.188218
11 631 0.559249 -0.062542
9 634 0.560861 -0.0155519
11 634 0.565052 0.0358465
9 635 0.560861 -0.0155519
11 635 0.565052 0.0358465
9 636 0.560861 -0.0155519
11 636 0.565052 0.0358465
11 601 -0.560936 -0.232808
10 287 -0.54268 -0.229379
10 18 -0.509171 -0.178553
10 637 -0.498393 0.0551835
11 637 -0.492208 0.0704557
10 426 -0.46523 0.00597426
10 35 -0.464591 0.00888844
10 427 -0.458567 -0.0008551
10 536 -0.445218 -0.096288
11 384 -0.389404 0.0703269
11 399 -0.36743 0.0473377
10 638 -0.308681 0.205469
11 638 -0.304378 0.215106
11 20 -0.292882 0.0882169
10 639 -0.126558 -0.209781
11 639 -0.107038 -0.209081
10 640 0.0545984 -0.246085
11 640 0.0738854 -0.243999
11 162 0.102439 -0.155013
11 316 0.117202 -0.103814
11 412 0.127107 0.0302011
11 438 0.128631 -0.104068
11 312 0.132149 -0.0803722
11 470 0.127342 0.019159
10 641 0.121591 0.0028188
11 641 0.136294 0.0263703
11 57 0.129377 -0.131224
10 642 0.132416 0.00944526
11 642 0.151083 0.0328262
10 71 0.156076 -0.0305402
11 623 0.265909 -0.109563
10 643 0.344571 0.0414851
11 643 0.369527 0.0814552
11 480 0.383777 -0.179155
10 644 0.386048 -0.0529914
11 644 0.413319 -0.0144575
10 645 0.388742 -0.0362199
11 645 0.416815 0.00532941
10 646 0.413916 0.00427566
11 646 0.441871 0.044042
11 565 0.449269 0.0479007
10 647 0.44252 -0.0672907
11 647 0.475727 -0.0283285
11 558 0.498717 -0.155353
10 633 0.488046 -0.158051
10 359 0.508436 -0.126101
10 648 0.519448 -0.0975539
11 648 0.555226 -0.0514618
10 121 0.523306 -0.216458
10 649 0.527595 -0.109
11 649 0.564389 -0.0651697
54 28 11
37 20 10
167 180 176
158 168 160
174 182 179
26 20 14
173 181 177
68 46 30
68 46 30
64 40 26
74 55 40
162 171 168
154 164 160
46 28 17
31 18 10
126 94 56
126 94 56
42 25 21
62 42 31
106 88 76
106 88 76
118 76 35
114 70 28
72 40 22
16 11 8
16 11 8
112 69 28
92 62 38
12 8 6
12 8 6
12 6 6
87 54 30
87 54 30
30 18 16
120 76 31
104 64 30
77 90 100
26 12 4
122 24 25
200 134 3
219 148 10
237 168 6
207 44 46
213 64 34
225 42 52
225 42 52
252 114 115
255 184 188
254 179 180
252 194 192
255 174 182
254 202 198
255 209 123
228 94 101
238 104 112
238 70 77
247 164 171
254 178 174
230 92 106
255 189 192
255 160 170
255 160 170
254 156 154
255 174 181
250 80 84
255 204 48
255 216 93
255 202 62
254 214 35
255 204 62
250 84 94
250 190 0
20 12 18
20 25 35
170 138 87
103 94 80
174 152 108
78 93 102
88 96 98
210 220 217
56 56 52
112 73 23
54 62 70
126 86 36
156 138 88
106 69 23
76 90 94
175 158 115
170 142 86
160 130 78
174 144 90
167 146 89
167 146 89
167 146 89
134 98 44
72 84 86
240 231 205
170 140 78
50 67 80
117 81 36
72 82 85
171 154 109
109 127 134
179 148 92
23 26 30
166 143 94
48 28 7
225 208 162
73 45 24
34 14 2
56 58 55
108 82 42
124 98 52
124 98 52
192 170 117
248 234 191
202 180 122
95 64 20
182 154 103
239 223 180
103 76 40
26 22 16
189 162 112
102 58 24
54 64 74
16 14 21
170 113 14
230 80 68
190 36 34
230 109 104
222 160 2
217 78 34
222 78 52
244 124 118
181 43 38
255 188 188
162 88 86
252 165 170
254 215 35
208 182 130
160 138 86
110 125 134
98 68 32
68 43 17
170 145 98
168 144 93
210 187 135
237 224 182
174 155 109
238 226 190
215 194 142
148 162 157
106 66 26
11 7 5
180 154 104
182 102 60
201 158 61
254 177 179
220 77 82
222 76 86
252 172 172
255 182 182
255 168 175
229 92 98
232 86 96
252 150 156
255 208 31
124 22 14
18 24 34
172 144 95
108 87 54
152 124 82
50 35 26
134 88 40
156 108 46
194 198 195
194 198 195
192 48 44
158 30 34
200 39 41
209 68 58
229 166 1
220 86 35
240 78 88
255 183 185
255 232 148
254 198 204
254 204 209
255 190 197
231 96 108
231 96 108
254 175 176
255 190 189
252 158 160
254 178 174
233 103 112
254 185 188
255 196 34
254 178 186
226 110 112
255 190 188
254 166 166
250 199 198
255 170 172
255 148 158
217 61 59
255 234 108
255 186 53
225 76 74
216 185 124
191 162 109
168 152 119
122 83 36
175 148 97
174 148 97
238 222 184
185 166 119
174 156 107
246 230 188
44 31 20
59 32 12
98 58 24
40 28 19
16 8 4
77 42 23
42 24 16
12 6 2
29 19 16
94 50 24
57 38 28
150 96 45
198 132 0
237 66 75
204 40 50
252 164 166
163 140 104
84 90 100
190 166 112
152 126 74
44 32 26
36 43 49
160 169 166
59 46 34
28 20 14
13 8 6
12 5 2
94 50 22
103 32 34
146 67 44
165 97 70
154 80 2
154 80 2
146 116 85
233 236 232
254 212 170
212 57 50
158 54 54
174 94 56
254 196 196
255 218 178
236 121 125
240 76 84
254 188 188
207 58 44
254 192 186
255 198 193
255 182 181
254 202 1
238 104 96
98 98 98
165 142 91
38 26 18
174 149 94
226 199 139
44 30 22
254 189 187
255 181 187
65 84 96
69 42 18
119 90 54
240 119 123
145 107 46
33 30 25
175 152 93
252 172 179
216 225 222
255 206 208
149 160 163
196 170 116
65 47 30
60 42 29
158 160 154
118 82 46
120 92 58
28 20 15
62 32 16
144 142 130
184 114 94
186 34 36
170 33 34
212 158 108
232 237 234
162 62 60
234 115 117
210 100 12
210 100 12
203 41 48
232 90 83
255 142 144
224 106 108
253 182 181
234 70 82
255 188 186
255 179 179
255 218 162
250 194 172
228 67 76
254 162 161
85 21 36
254 168 172
238 83 92
232 78 94
255 158 160
247 156 152
212 68 80
222 48 58
240 69 72
234 96 66
255 206 1
249 190 4
243 132 52
254 186 47
228 200 142
222 194 137
100 91 80
189 174 138
166 152 115
52 60 65
186 156 106
173 169 141
48 68 80
170 166 135
168 136 76
239 226 190
106 72 21
112 81 41
73 78 76
90 58 17
196 174 124
179 156 99
170 139 82
156 133 84
208 186 132
174 152 104
82 53 14
174 126 56
206 177 118
143 98 38
176 154 105
184 147 84
248 236 188
162 129 70
112 127 136
155 134 86
104 58 26
165 90 76
246 120 124
255 213 182
253 167 168
254 178 181
230 89 98
254 163 164
254 153 154
254 138 144
79 90 98
174 154 110
176 148 94
114 82 36
150 132 92
171 152 106
14 14 20
191 122 0
197 48 50
217 60 40
230 64 64
228 84 91
222 203 158
115 80 28
112 78 32
208 186 140
162 138 92
166 119 53
60 46 32
90 67 40
196 106 88
68 44 28
83 28 48
170 179 178
12 8 7
82 90 96
230 69 83
222 60 68
137 96 34
254 198 206
229 110 116
228 92 96
230 97 107
255 191 198
129 113 92
176 149 98
175 144 84
48 32 24
235 101 112
232 106 116
146 140 118
196 168 109
204 174 118
174 140 80
114 74 32
16 11 8
20 14 7
50 29 18
92 74 65
92 74 65
102 57 26
48 32 24
84 57 33
27 16 10
76 92 106
146 104 60
148 78 72
148 81 2
226 109 112
224 112 113
252 143 149
253 151 161
254 149 158
252 158 164
250 160 164
254 126 130
252 173 170
248 157 156
227 86 102
254 154 152
254 210 29
168 129 46
164 122 43
170 138 84
215 190 132
215 190 132
174 144 96
160 130 82
176 157 114
217 191 140
170 145 94
150 122 74
236 226 196
144 108 53
92 96 87
228 218 183
235 224 196
101 71 34
179 162 117
62 52 38
245 232 200
220 228 230
216 190 134
216 190 134
200 189 164
118 65 50
226 106 114
207 185 132
218 194 144
142 111 50
196 166 106
73 56 34
40 42 48
218 54 58
136 74 0
230 180 2
104 98 76
208 180 126
44 38 39
224 144 131
182 152 96
174 146 98
152 132 88
100 70 34
190 178 150
252 144 151
254 152 158
90 65 30
194 166 116
30 14 3
128 90 56
194 186 164
147 116 65
60 41 31
52 62 76
153 88 46
154 31 26
204 52 41
192 36 44
248 96 99
238 99 108
94 71 30
200 172 116
216 208 176
94 112 126
77 46 28
254 198 194
250 96 97
166 136 84
229 201 99
98 52 25
15 8 6
68 40 22
150 91 40
31 33 47
206 76 74
254 180 180
37 24 12
35 16 0
100 69 38
222 199 102
230 206 164
191 182 158
192 120 98
150 128 86
155 136 99
69 60 52
169 176 176
252 161 170
242 64 70
213 222 218
180 158 114
210 215 211
193 62 46
142 81 71
218 222 216
218 222 216
34 16 8
254 191 194
176 102 104
196 165 102
50 46 37
182 193 190
14 8 4
86 87 92
80 26 24
252 191 0
246 159 164
139 80 2
139 80 2
100 110 116
182 148 90
214 224 222
231 218 180
216 218 208
170 132 56
176 149 88
63 57 45
200 204 196
234 75 62
61 56 41
47 35 29
50 28 22
74 48 32
76 44 26
86 66 54
41 22 12
164 168 170
12 7 5
227 232 232
156 112 110
226 234 232
254 130 143
255 152 162
82 22 40
169 148 112
160 132 90
170 146 98
170 146 98
170 156 116
213 223 222
166 136 76
227 216 186
230 224 204
84 47 27
81 47 29
86 96 108
90 60 23
252 238 200
86 61 28
189 165 113
78 62 52
218 226 228
170 145 96
60 34 9
112 106 96
22 16 12
122 98 70
63 40 30
82 48 27
202 201 192
202 204 193
112 102 94
19 14 12
19 14 12
66 46 36
64 46 34
130 108 81
180 182 183
178 183 186
140 94 40
64 20 20
89 96 99
209 156 110
212 132 15
70 10 26
136 80 50
16 6 9
58 48 50
238 206 114
133 140 148
102 108 114
146 107 52
183 155 104
185 159 108
164 145 102
182 154 100
184 160 108
184 168 134
234 220 186
120 96 55
120 96 55
120 96 55
76 46 28
91 103 115
149 102 80
202 41 50
238 168 178
249 173 184
158 131 82
234 218 186
236 226 202
236 224 198
54 27 7
91 62 28
242 231 197
